  37   33   30
  32   28   25
  31   29   26
  33   30   29
  42   37   33
  50   38   30
  47   36   31
  52   46   42
  55   55   51
  64   63   59
  50   51   46
  66   65   59
 108  103   95
  79   74   67
  72   70   63
 205  205  194
  34   27   24
  37   33   29
  51   49   45
  77   75   71
  59   57   52
  31   27   23
  29   24   20
  48   46   42
  63   63   60
  79   79   76
  57   55   55
  51   48   48
  65   62   60
  55   53   52
  52   52   53
 180  180  178
  31   29   27
  38   37   34
  45   44   42
  62   61   57
  57   56   53
  36   35   36
  19   18   19
  22   20   22
  28   27   29
  25   23   24
  21   21   21
  26   27   27
  53   54   54
  53   55   54
  69   70   61
 159  156  146
  42   41   40
  28   27   26
  31   30   29
  30   28   30
  26   24   26
  27   26   25
  45   43   41
  65   63   62
  68   67   66
  36   35   33
  22   22   21
  24   24   24
  47   47   47
  56   57   56
  73   68   60
 148  134  124
  47   47   45
  29   28   26
  46   46   44
  65   64   62
  66   65   63
  39   37   37
  28   26   27
  43   43   41
  59   60   54
  41   42   38
  30   29   28
  20   19   18
  14   13   10
  27   28   24
  43   38   33
 134  118  113
  47   39   35
  46   40   39
  50   48   48
  67   68   64
  76   77   70
  53   51   49
  36   34   34
  21   19   17
  41   38   34
  55   53   45
  48   47   39
  38   37   34
  46   45   43
  47   47   42
  33   32   27
 115  108  103
  49   43   39
  59   53   49
  46   42   39
  30   27   25
  23   20   19
  25   20   17
  32   26   22
  46   41   37
  66   61   55
 104  101   84
 104  102   87
  53   52   49
  60   60   53
 103  101   86
  49   47   41
  74   65   59
  53   54   51
  93   95   86
  64   65   58
  34   33   33
  24   22   22
  22   19   20
  29   26   26
  38   35   35
  39   38   37
  41   40   40
  46   44   45
  37   36   35
  40   39   38
  52   52   51
  51   47   46
  70   61   56
  44   39   38
  40   38   37
  44   43   41
  51   48   42
  48   46   40
  77   76   74
  71   70   70
  46   44   47
  36   34   36
  26   24   26
  11   11   12
  22   21   23
  44   44   45
  40   43   44
  60   57   53
  99   85   72
  86   68   49
  57   47   31
  63   56   41
  86   79   60
  72   67   55
  50   48   43
  53   50   46
  51   50   46
  32   31   30
  12   12   13
  28   27   29
  53   51   50
  57   56   52
  40   39   37
  30   28   27
  47   42   36
  40   36   31
  29   25   21
  26   24   19
  41   41   36
  61   61   58
  59   59   55
  17   16   12
  20   20   16
  32   32   30
  40   40   39
  53   52   52
  66   66   62
  85   85   79
  55   56   52
  40   40   37
  40   39   36
  50   49   47
  34   31   30
  24   20   19
  33   30   27
  44   41   38
  52   50   49
  34   33   33
  37   36   35
  55   55   53
  77   80   75
  58   60   57
  46   47   47
  44   44   45
  47   46   46
  41   39   38
  39   38   35
  35   33   30
  37   34   34
  39   34   35
  30   24   23
  33   28   27
  49   48   46
  52   51   49
  43   41   39
  36   34   34
  39   38   40
  39   37   39
  34   32   33
  25   23   23
  19   16   14
  22   18   16
  26   22   21
  83   85   75
  80   82   74
  52   52   48
  38   37   35
  20   18   16
  56   57   50
  81   83   70
  53   53   49
  33   32   34
  11   10   10
  16   16   15
  45   46   44
  68   69   65
  65   66   61
  38   38   37
  23   22   21
  43   44   46
  44   44   44
  37   37   37
  33   33   33
  39   38   39
  37   38   37
  37   37   36
  31   32   31
  29   29   29
  39   39   41
  46   48   48
  47   48   47
  52   52   50
  43   42   41
  25   24   25
  35   34   34
  32   31   32
  20   19   21
  40   40   39
  80   81   75
 102  103   98
  70   70   68
  45   45   46
  29   28   31
  51   50   49
 102  101   95
 104  105   99
  50   49   47
  35   33   34
  24   22   23
  23   21   23
  44   43   42
  54   55   55
  40   40   40
  38   39   38
  58   59   57
  59   59   58
  54   56   54
  50   50   51
  44   42   46
  41   38   41
  63   64   61
  73   73   73
  59   58   61
  52   51   54
  36   34   35
  23   21   22
  26   25   26
  45   44   43
  28   26   27
  17   16   18
  42   41   41
  52   51   49
  44   46   44
  36   35   31
  59   54   48
  46   42   35
  59   56   51
  61   60   57
  38   38   37
  31   29   30
  15   13   14
  39   38   36
  58   57   51
  54   54   49
  34   33   32
  19   17   18
  38   37   35
  61   60   55
  68   69   63
  57   58   54
  47   46   44
  39   37   34
  35   33   30
  56   54   52
  45   43   43
  27   24   25
  27   25   23
  44   42   38
  48   47   43
  60   57   57
  53   51   53
  40   39   40
  43   43   41
  58   58   53
  47   46   44
  31   29   28
  37   34   33
  37   35   34
  36   33   32
  51   49   48
  64   66   64
  46   44   41
  36   31   27
  25   17   15
  28   23   21
  38   32   29
  31   26   24
  43   42   40
  59   61   57
  76   78   71
  66   68   64
  53   51   50
  36   31   31
  23   19   18
  34   30   29
  41   39   36
  52   54   49
  54   53   50
  44   40   39
  33   25   23
  34   25   23
  56   53   50
  32   28   27
  26   23   22
  30   29   27
  40   39   35
  43   42   39
  40   35   33
  42   36   32
  39   35   31
  50   47   44
  59   57   55
  55   52   50
  30   27   26
  35   27   28
  43   34   32
  50   43   39
  57   55   53
  36   33   33
  30   27   27
  60   59   55
  75   74   71
  59   58   56
  41   38   36
  31   26   22
  19   14   12
  32   28   28
  48   45   45
  61   59   57
  54   53   51
  39   35   35
  34   29   25
  44   41   36
  38   37   36
  32   30   33
  25   24   26
  31   30   28
  44   43   42
  41   40   42
  29   28   31
  41   39   40
  58   56   53
  54   53   49
  48   43   43
  38   34   36
  29   27   29
  42   39   34
  48   43   37
  37   30   29
  80   79   73
  58   57   56
  36   33   34
  25   23   21
  20   19   15
  32   28   26
  43   40   39
  59   58   57
  65   66   63
  62   63   60
  56   55   56
  48   48   49
  38   37   38
  26   23   20
  27   24   21
  36   33   33
  57   56   53
  52   51   48
  45   43   41
  45   40   38
  42   36   31
  48   38   34
  52   45   43
  51   47   45
  48   44   43
  43   39   37
  33   29   28
  34   29   29
  30   26   25
  23   19   18
  28   23   22
  39   36   34
  79   79   69
  67   67   60
  40   38   35
  37   31   30
  38   30   28
  40   31   28
  41   34   33
  40   35   35
  48   46   43
  57   54   51
  49   43   42
  34   27   28
  26   20   19
  36   31   28
  49   44   40
  42   38   35
  42   41   38
  44   43   39
  41   38   34
  35   31   28
  45   43   41
  73   72   65
  69   68   62
  39   37   34
  27   26   26
  27   26   27
  33   30   29
  32   28   28
  48   45   44
  66   66   62
  66   66   62
  48   47   45
  72   69   69
  43   42   40
  33   29   26
  35   31   28
  46   44   43
  63   64   62
  70   71   69
  60   60   59
  42   40   40
  30   29   27
  55   52   48
  74   70   62
  61   58   53
  36   35   33
  29   28   26
  27   26   23
  69   72   70
  64   67   64
  50   50   50
  24   22   24
  24   22   23
  29   25   27
  29   25   26
  28   25   28
  26   24   28
  43   41   40
  64   63   62
  77   78   75
  75   77   78
  62   62   64
  45   44   46
  24   22   24
  44   45   42
  38   40   36
  42   42   39
  37   34   35
  40   38   37
  49   48   48
  52   50   50
  43   42   42
  29   27   29
  21   20   19
  30   29   28
  33   34   36
  33   36   39
  35   38   39
  38   38   40
  37   37   39
  72   72   66
  44   43   42
  25   25   27
  28   29   29
  43   43   44
  54   54   53
  57   57   56
  52   52   51
  35   35   36
  24   24   25
  42   43   41
  44   44   44
  30   30   32
  21   21   21
  35   35   35
  54   55   55
  34   30   27
  51   49   46
  47   42   37
  38   32   29
  59   59   55
  61   60   57
  65   62   58
 121  121  116
  34   33   31
  47   45   44
  38   36   36
  38   37   37
  42   41   41
  23   23   24
  41   42   41
 108  103   96
  40   36   34
  52   51   49
  53   52   49
  36   34   32
  56   55   48
  40   39   35
  33   33   29
  81   74   67
  62   60   56
  47   45   43
  28   25   24
  36   31   31
  62   59   54
  57   56   51
  55   55   51
  69   63   57
  57   50   40
  58   55   44
  62   59   53
  51   50   49
  20   19   21
  30   28   29
  47   48   47
  56   51   46
  36   31   27
  36   32   27
  54   52   49
  30   28   26
  49   50   47
  60   60   58
  51   50   48
  35   34   32
  58   58   55
  33   30   30
  36   34   32
  57   57   52
  30   29   30
  32   32   32
  44   43   41
  30   28   26
  41   41   41
  51   52   50
  63   63   61
  36   36   37
  51   51   51
  64   65   63
  42   41   41
  30   28   29
  34   34   34
  40   39   39
  60   61   59
  44   43   42
  60   58   54
  63   62   61
  27   25   27
  37   35   34
  45   43   42
  36   35   35
  57   58   53
  44   43   40
  37   34   31
  49   48   47
  35   33   31
  36   32   29
  40   35   34
  43   42   39
  60   60   56
  39   34   32
  32   28   27
  54   53   50
  44   40   38
  36   28   26
  40   38   39
  33   32   31
  49   48   47
  37   34   34
  45   42   39
  51   48   48
  40   37   36
  42   36   33
  61   61   57
  37   34   33
  32   26   23
  49   45   44
  59   57   55
  42   39   40
  27   23   23
  32   28   26
  56   56   50
  39   35   32
  54   48   44
  52   49   46
  38   35   34
  37   32   30
  42   38   36
  49   47   43
  57   57   55
  35   33   31
  43   41   41
  48   47   47
  31   30   30
  62   60   57
  61   61   60
  34   33   33
  51   53   49
  33   33   33
  42   41   41
  46   45   45
  29   28   29
  39   40   40
  34   36   38
  39   39   40
  41   39   37
  45   42   39
  41   40   38
  80   79   74
  51   49   45
  43   41   39
  44   43   39
  59   56   51
  49   45   38
  45   43   39
  40   40   40
  49   47   45
  44   43   42
  46   45   44
  49   49   48
  37   36   36
  44   43   42
  51   50   48
  49   47   46
  38   35   34
  42   40   39
  43   41   39
  43   41   39
  40   36   33
  46   44   41
  45   40   38
  46   43   42
  39   35   33
  45   44   43
  42   40   40
  42   41   40
  45   45   45
  42   40   37
  56   54   50
  47   45   42
  44   43   42
  46   45   43
  43   40   39
  44   42   40
  42   40   39
  48   46   43
  44   42   40
