 122   57   29
 138   76   40
 242  203  157
 232  198  146
 208  165  106
 194  146   86
 189  135   83
 194  142   89
 190  137   87
 209  166  114
 230  198  152
 236  210  170
 223  192  150
 218  182  134
 176  131   81
 159  106   54
 210  168  120
 230  201  155
 228  199  153
 221  191  147
 206  177  127
 200  167  112
 195  155  101
 191  147   90
 182  138   74
 141   84   38
  99   40   12
  80   24    3
  92   40   19
  97   49   28
 100   53   31
 106   52   21
 137   80   37
 166  115   67
 238  205  160
 238  213  177
 224  199  156
 226  191  141
 214  174  122
 208  169  109
 205  163  109
 197  152   99
 189  139   84
 163  105   58
 124   62   27
 107   46   17
 136   76   41
 155   98   52
 198  148   97
 207  159  108
 144   88   39
 143   80   35
 133   73   25
 204  163  115
 249  222  179
 233  205  165
 227  197  154
 227  195  151
 239  215  176
 234  206  164
 186  142   87
 142   81   20
 187  133   72
 207  164  102
 150   84   50
 105   43   12
 156  103   66
 209  162  118
 211  164  111
 196  146   88
 197  146   91
 197  147   95
 190  139   91
 211  170  120
 225  192  146
 221  192  151
 209  177  132
 203  166  116
 168  127   76
 167  117   68
 222  185  133
 227  198  148
 214  185  136
 207  178  129
 202  168  118
 197  157  105
 189  147   93
 165  120   65
 145   92   38
 138   78   31
 138   81   38
 131   78   39
 111   57   25
  93   39   12
  98   45   19
 142   88   50
 169  111   65
 161  109   60
 230  198  160
 245  221  193
 242  217  182
 227  194  148
 205  166  113
 198  155   97
 186  138   87
 170  120   70
 166  113   60
 138   80   36
 110   50   14
 124   63   31
 148   88   51
 160  103   55
 197  145   95
 196  146   95
 138   81   33
 139   76   32
 128   71   24
 218  180  132
 237  212  171
 242  217  177
 219  191  150
 226  196  154
 245  219  180
 234  206  165
 214  174  122
 164  110   54
 167  114   56
 210  163   98
 128   72   32
  94   43   15
 101   44   15
 119   61   25
 163  109   64
 189  137   80
 196  146   90
 195  147   97
 196  147  100
 212  174  126
 216  183  136
 217  185  142
 207  172  127
 200  162  107
 160  113   63
 161  104   61
 192  150   98
 201  162  109
 197  157  106
 194  155  103
 189  145   93
 178  130   79
 160  113   60
 185  140   85
 195  155  103
 224  181  133
 236  201  155
 240  208  161
 231  196  148
 210  173  122
 195  155  105
 199  155  105
 194  146   90
 168  126   72
 225  198  158
 248  228  199
 239  218  182
 227  197  150
 194  155  102
 177  131   74
 165  110   61
 156   97   53
 162  104   57
 146   88   46
 121   61   25
 144   84   49
 163  104   64
 162  103   53
 181  125   76
 176  124   74
 144   83   36
 135   73   31
 130   77   33
 240  204  158
 235  213  174
 237  213  177
 233  207  168
 228  200  160
 241  216  175
 224  198  158
 217  181  135
 185  140   86
 142   88   36
 183  128   73
 142   90   41
 101   44   17
 107   52   30
 115   58   27
 181  128   83
 194  148   91
 198  152   97
 203  161  114
 207  165  122
 212  174  128
 219  183  136
 209  179  129
 208  176  126
 188  144   98
 123   64   30
 108   44   11
 137   80   30
 159  108   59
 159  107   56
 142   86   38
 106   50   22
 102   48   19
 164  116   67
 215  177  121
 233  205  151
 234  208  161
 242  221  180
 241  220  184
 242  218  182
 241  216  176
 235  208  163
 223  191  138
 215  179  123
 197  161  104
 216  186  141
 242  215  176
 239  213  169
 210  175  125
 184  140   86
 171  122   70
 159  103   57
 162  103   58
 190  138   87
 158  104   61
 115   55   19
 157   95   56
 178  121   77
 181  128   80
 187  133   85
 175  118   71
 147   87   41
 128   65   24
 121   64   22
 239  201  158
 242  218  181
 231  209  170
 234  210  169
 232  204  163
 232  202  164
 218  191  152
 211  179  132
 205  165  110
 134   78   35
  93   31    9
 193  150   96
 141   84   48
  99   40   14
 111   52   22
 211  160  116
 210  168  116
 209  166  117
 221  183  137
 215  177  136
 209  171  124
 214  178  128
 217  182  127
 200  156  104
 125   66   29
  97   33    8
 136   79   42
 172  121   70
 197  151  100
 196  150   97
 176  126   79
 122   67   40
 107   50   19
 226  181  128
 230  199  142
 218  187  133
 229  202  154
 242  220  178
 239  216  175
 239  215  174
 241  218  178
 237  213  171
 228  202  154
 229  198  147
 223  187  132
 206  169  120
 186  147   97
 187  146   94
 193  149   95
 186  141   85
 203  155  104
 193  142   94
 186  132   85
 208  161  107
 162  110   63
  94   36    6
 129   76   44
 221  175  130
 217  177  125
 200  155  102
 172  112   65
 147   86   39
 150   93   47
 162  110   63
 226  192  148
 236  215  176
 231  209  168
 235  210  169
 221  193  150
 217  185  145
 225  197  157
 208  176  130
 217  178  124
 172  120   79
  83   24    6
 220  184  131
 198  157  104
 152   97   53
  98   32    0
 200  146  101
 230  190  138
 205  165  117
 214  177  127
 216  178  133
 210  173  124
 203  167  113
 187  142   85
 141   86   32
 134   76   33
 183  129   85
 207  161  108
 213  174  119
 222  186  129
 228  191  140
 246  212  160
 233  193  140
 185  136   81
 185  139   78
 237  200  141
 216  183  128
 224  195  143
 238  213  168
 237  214  171
 239  216  173
 244  221  178
 251  229  186
 248  226  182
 236  209  162
 224  193  142
 220  187  131
 204  164  108
 181  133   77
 203  158   98
 203  164  104
 208  164  108
 193  145   93
 190  140   91
 205  157  104
 152   94   50
 107   48   14
  64   19    4
 131   93   72
 210  171  121
 188  143   86
 149   94   42
 184  129   76
 199  151   99
 197  153  100
 225  193  145
 238  216  176
 232  210  169
 233  209  167
 218  190  147
 215  185  140
 229  201  161
 212  179  137
 219  181  133
 205  162  117
 117   67   30
 230  193  143
 211  178  117
 217  174  118
 170  111   62
 167  113   56
 226  185  124
 216  179  122
 218  182  126
 220  180  134
 205  167  114
 187  147   89
 162  115   55
 181  134   74
 211  171  117
 214  175  122
 211  173  113
 203  159  107
 201  155   99
 212  172  123
 224  189  138
 217  185  132
 221  181  127
 168  115   57
 171  119   61
 234  196  136
 226  193  145
 241  214  173
 237  214  171
 235  211  168
 236  211  168
 239  218  175
 240  223  180
 238  214  169
 221  192  145
 226  197  144
 222  187  131
 209  164  109
 204  159  102
 202  162  100
 200  157   99
 185  140   86
 192  145   96
 201  153   99
 138   79   37
 111   50   10
  89   43   24
  48    6    2
 102   53   18
 144   90   34
 187  134   79
 228  185  128
 179  133   78
 130   79   26
 223  186  137
 244  220  179
 230  207  167
 231  206  166
 227  200  157
 218  189  141
 233  205  162
 223  191  149
 216  179  133
 218  179  133
 163  118   72
 235  206  153
 229  197  143
 225  189  135
 212  172  114
 192  142   80
 167  112   56
 191  145   94
 191  150   98
 172  122   69
 183  138   80
 204  163  107
 221  182  127
 229  195  137
 224  190  134
 215  180  126
 203  167  110
 191  141   86
 169  116   61
 207  167  116
 231  196  145
 182  144   90
 187  139   85
 177  122   74
 103   49   13
 198  150   94
 231  192  136
 235  205  155
 233  209  160
 230  199  152
 231  199  152
 226  204  153
 227  205  154
 233  206  156
 222  192  143
 220  184  133
 211  175  112
 203  163  102
 203  158  101
 202  157   98
 196  150   94
 188  143   89
 202  156  103
 196  144   92
 121   62   25
 106   51   16
  85   38   14
  87   40   19
 179  129   85
 206  160  103
 211  168  112
 212  173  120
 185  139   86
 129   74   21
 190  151  101
 242  220  174
 233  208  167
 234  208  172
 230  205  162
 217  190  142
 227  199  152
 230  202  155
 221  190  143
 210  171  127
 194  146   97
 213  175  124
 209  171  118
 215  177  120
 207  170  110
 203  162  101
 178  126   78
  94   34   14
  91   35   15
 166  119   58
 217  174  123
 230  195  148
 230  198  147
 225  192  144
 215  180  128
 208  167  108
 190  148   88
 181  137   75
 222  190  138
 237  211  165
 246  219  171
 202  161  109
 151   96   48
 111   57   23
  65   14    4
  77   25   17
 154  111   61
 201  161  102
 212  174  118
 203  166  107
 201  164  105
 206  168  111
 217  177  122
 221  183  128
 213  178  122
 201  160  103
 180  132   75
 201  156   95
 199  157   95
 192  147   88
 194  149   93
 191  146   91
 206  163  106
 215  172  124
 129   74   41
  85   29    4
  76   25    2
 142   92   54
 242  197  137
 229  195  144
 220  193  147
 215  185  138
 226  197  143
 222  186  135
 202  162  116
 228  197  151
 233  209  166
 232  207  168
 229  205  159
 221  194  147
 218  190  143
 223  194  147
 225  199  156
 215  183  140
 193  146   94
 191  143   93
 194  149   95
 198  159   99
 206  162  106
 204  162  104
 206  165  109
 138   83   43
 150   93   59
 248  212  164
 231  202  149
 226  194  142
 219  184  132
 212  173  123
 205  163  113
 195  149   98
 179  128   76
 207  166  109
 255  237  193
 255  239  200
 230  200  158
 199  158  110
 197  149   99
 122   64   33
  82   26    9
  73   24    7
  66   12    3
 113   56   27
 188  140   93
 221  186  133
 205  169  117
 190  145   95
 170  122   68
 167  116   64
 192  137   85
 189  139   86
 136   75   33
 179  128   79
 212  172  111
 193  147   88
 196  151   95
 202  157  103
 227  195  144
 240  216  171
 219  180  133
 115   63   32
  76   20    0
 169  115   65
 220  176  110
 230  199  147
 240  220  178
 217  189  140
 237  212  161
 255  234  192
 235  204  161
 223  195  145
 232  209  163
 231  206  164
 229  205  157
 225  198  150
 218  190  143
 218  190  142
 222  193  149
 217  185  136
 181  140   88
 191  143   93
 191  146   95
 206  168  113
 200  158  103
 204  161  104
 210  169  113
 176  131   77
 183  134   84
 247  214  172
 212  183  134
 199  160  107
 196  153  101
 197  152  101
 194  148   97
 185  134   83
 177  124   73
 199  156  102
 220  184  134
 221  188  140
 217  179  132
 148   98   54
 179  125   80
 194  136   94
 153   95   56
 139   81   46
 110   53   25
 136   81   47
 220  177  133
 244  214  170
 239  212  170
 228  196  149
 198  158  105
 155  102   52
 117   50   16
 100   39   22
  74   16    3
 145   94   57
 222  184  119
 214  175  117
 209  164  112
 218  180  129
 242  221  177
 248  231  191
 252  237  191
 219  188  139
 124   68   30
 134   75   25
 196  150   80
 221  185  124
 238  219  176
 227  198  147
 191  152   95
 232  202  147
 226  200  145
 201  170  113
 233  206  156
 230  208  167
 228  203  153
 224  197  147
 219  196  145
 218  190  141
 217  187  142
 215  180  128
 171  126   75
 197  151   99
 188  143   90
 206  164  111
 207  166  109
 198  156   99
 206  163  111
 201  157  105
 196  152  100
 237  199  149
 231  194  144
 192  150   97
 178  133   80
 185  137   85
 182  131   79
 171  117   64
 176  121   69
 189  142   88
 201  155  101
 186  145   91
 209  169  117
 163  109   63
 161  100   57
 174  115   70
 160  100   57
 178  120   84
 164  115   75
 180  140   97
 230  199  156
 234  211  171
 243  223  182
 231  204  158
 211  174  123
 206  161  106
 174  121   70
 104   46   17
  94   35   10
 125   69   32
 225  180  126
 222  184  128
 210  169  116
 221  187  134
 248  225  179
 240  219  178
 242  227  183
 249  230  177
 201  157  107
 128   67   18
 155   96   35
 214  174  113
 245  222  175
 223  191  138
 162  114   50
 193  151   84
 223  187  122
 190  152   89
 214  179  127
 239  212  169
 228  202  155
 222  197  148
 218  198  148
 221  194  147
 218  187  141
 217  182  132
 164  122   80
 177  133   77
 193  147   91
 196  147   92
 207  162  105
 198  156   99
 200  157  103
 204  162  111
 204  162  109
 158  113   53
 208  167  108
 228  189  131
 194  148   92
 173  119   65
 154   96   45
 141   80   31
 166  103   55
 188  135   82
 170  115   61
 187  141   87
 211  168  116
 184  129   81
 158   95   50
 177  116   71
 152   89   44
 150   91   43
 175  129   82
 208  174  129
 237  210  167
 239  218  178
 229  207  161
 218  186  133
 204  167  117
 212  174  126
 210  174  118
 183  141   84
 137   80   30
  79   20    1
 148   98   68
 238  196  141
 220  186  131
 209  175  117
 241  213  164
 237  212  168
 232  210  160
 226  204  151
 205  170  117
 147   91   40
 129   63   16
 195  148   93
 239  212  157
 212  175  118
 175  125   61
 195  144   79
 223  179  116
 202  163  100
 178  135   79
 241  205  157
 231  208  164
 222  200  157
 233  213  169
 230  206  165
 217  190  142
 222  187  139
 137   91   57
 207  166  107
 173  127   70
 194  141   87
 194  147   91
 192  150   93
 190  147   92
 209  168  115
 228  189  134
 174  127   67
 204  165  104
 212  176  118
 187  143   87
 177  121   69
 171  111   60
 159   99   47
 183  122   70
 187  131   80
 165  102   51
 184  131   76
 211  168  112
 196  144   93
 159   97   49
 183  120   72
 162  100   52
 133   71   25
 157  105   57
 220  184  136
 228  198  150
 211  183  135
 212  181  128
 206  171  114
 222  189  142
 238  208  169
 231  202  158
 231  203  147
 205  161  103
 107   55   26
  63    9    1
 195  147  101
 232  201  137
 203  172  112
 228  196  142
 237  208  158
 231  205  153
 234  203  151
 218  184  129
 174  129   78
 124   61   19
 170  118   69
 237  205  148
 225  187  127
 191  146   84
 180  129   70
 213  168  109
 200  161   99
 153  102   46
 164  116   72
 249  218  178
 242  223  181
 241  228  184
 233  207  168
 221  193  145
 182  144   92
 119   60   17
 214  174  115
 201  155   98
 158  106   51
 191  140   85
 197  150   94
 188  144   86
 199  159  100
 232  196  138
 191  148   94
 220  184  127
 219  184  126
 196  153   98
 173  120   68
 177  120   68
 186  132   73
 197  145   85
 197  145   93
 164   99   53
 180  124   67
 205  163  104
 207  164  109
 162  104   53
 173  109   60
 164  102   54
 130   70   29
 144   85   39
 202  157  104
 213  175  120
 205  166  111
 198  159  100
 209  173  117
 249  224  182
 243  221  180
 239  211  168
 228  198  152
 236  201  144
 183  134   80
  79   21    7
  92   40   26
 209  166  116
 234  198  138
 224  187  129
 221  187  130
 211  180  126
 219  181  127
 220  187  131
 210  174  123
 135   78   35
 136   80   37
 217  176  123
 217  180  119
 204  162  102
 175  125   67
 197  147   90
 200  158   96
 192  142   88
  99   42    8
 147   95   60
 234  200  154
 232  210  160
 207  171  122
 164  121   73
 155  109   56
 190  140   84
 171  126   68
 206  160  104
 183  135   79
 143   91   37
 206  155  100
 210  165  108
 186  146   88
 193  153   97
 190  148   92
 194  146   92
 237  194  136
 208  163  106
 183  133   77
 168  113   59
 180  124   66
 198  148   88
 205  159  105
 169  112   63
 185  134   76
 202  159  101
 223  182  127
 177  126   73
 161   98   50
 160   95   48
 126   60   19
 116   55   16
 153   97   50
 193  142   88
 208  159  104
 184  135   76
 196  151   95
 239  209  164
 222  195  152
 213  181  134
 203  165  112
 197  154   97
 192  140   87
 117   63   25
  58    6    0
 127   74   48
 210  163  101
 217  176  115
 214  175  118
 201  164  109
 202  163  109
 207  168  115
 237  198  147
 173  123   77
 112   54   11
 203  154  103
 212  173  113
 206  164  106
 179  129   74
 180  131   75
 181  139   82
 214  172  122
 211  166  124
 152  105   62
 164  116   71
 171  127   72
 149   99   48
 120   61   17
 213  170  124
 253  228  179
 187  138   82
 172  124   69
 205  160  104
 162  107   54
 159  102   49
 219  174  117
 203  162  103
 196  152   97
 202  160  104
 155   98   49
 190  140   84
 212  167  107
 187  140   81
 186  133   76
 177  119   62
 188  142   80
 217  177  121
 181  131   79
 183  135   76
 203  159  101
 229  191  135
 212  166  112
 170  108   59
 157   92   45
 107   45   13
  87   32    8
 113   56   19
 116   56   12
 153   93   47
 167  107   58
 182  126   73
 220  178  123
 215  176  125
 206  162  107
 198  152   93
 181  132   76
 176  124   68
 154   95   45
 148   87   43
 178  128   76
 171  127   71
 162  116   57
 210  167  108
 203  162  105
 212  172  117
 199  157  105
 220  180  129
 224  182  134
 120   61   18
 183  127   79
 220  181  120
 196  154   98
 180  129   77
 178  128   76
 156  112   58
 197  160  113
 251  227  189
 252  228  195
 232  203  167
 179  139   89
 102   46   11
 127   64   28
 239  207  162
 246  239  196
 173  118   70
 196  148   95
 171  124   66
 197  145   88
 151   92   41
 161  105   52
 187  139   82
 196  148   94
 184  129   86
 117   54   18
 134   74   30
 216  166  112
 178  131   73
 194  143   84
 185  135   76
 163  113   54
 207  158   99
 201  153   95
 171  124   70
 217  177  118
 214  178  120
 217  174  121
 178  123   71
 150   86   44
  87   25    3
 139   87   55
 205  163  114
 175  131   84
 152  101   52
 122   61   17
 158   97   53
 226  186  127
 216  178  125
 210  167  109
 199  151   92
 180  129   71
 176  118   63
 174  112   57
 177  120   66
 214  170  120
 227  191  144
 186  147   90
 197  153   91
 206  166  105
 211  171  115
 198  155  101
 189  147   92
 228  188  132
 152  100   55
 124   59   26
 215  174  118
 199  158   97
 176  125   70
 187  139   83
 183  140   86
 212  177  131
 240  218  185
 240  220  192
 245  224  192
 238  211  165
 155  107   65
 115   55   18
 234  193  150
 238  214  174
 153   96   42
 180  130   73
 166  116   58
 158  106   47
 179  120   63
 133   69   20
 107   50   10
  96   44   17
 114   58   17
 118   57   13
 126   66   16
 194  144   88
 188  140   82
 178  126   68
 197  144   86
 178  125   68
 162  109   51
 216  171  118
 225  189  141
 225  194  141
 216  183  128
 204  163  109
 176  125   71
 141   79   38
  92   32    1
 193  145  103
 251  216  170
 229  199  152
 216  180  126
 176  126   74
 157  103   54
 227  189  133
 218  183  131
 209  169  113
 198  151   94
 180  128   73
 173  114   61
 169  109   56
 164  110   57
 206  164  114
 243  215  169
 222  191  140
 193  152   93
 200  157   99
 209  166  110
 209  165  110
 183  138   84
 199  157  101
 199  149  102
  98   29    1
 174  114   76
 212  168  115
 176  127   74
 174  123   67
 208  168  115
 246  220  180
 228  202  165
 223  192  153
 232  203  163
 222  192  145
 202  159  111
 141   84   41
 176  122   83
 202  157  115
 191  141   86
 206  165  110
 219  177  125
 198  153  101
 174  123   62
 153   94   36
 108   50   13
 101   49   21
 184  131   76
 173  112   59
 168  109   52
 174  125   63
 205  159  101
 172  119   63
 180  124   67
 185  130   72
 159  104   47
 213  167  115
 249  219  169
 229  198  144
 223  188  133
 210  173  117
 187  139   83
 131   72   28
 114   57   17
 212  172  120
 245  219  178
 245  223  184
 207  176  124
 166  117   61
 179  126   72
 228  192  138
 219  186  136
 210  172  117
 203  155  101
 186  133   81
 173  115   64
 165  101   56
 160   94   43
 193  142   89
 250  226  183
 239  218  173
 198  158  105
 188  140   85
 194  146   92
 211  164  110
 193  146   92
 178  131   77
 211  159  111
 121   60   30
 114   56   35
 219  177  133
 190  142   93
 155  101   48
 189  143   85
 227  192  140
 216  182  134
 219  178  128
 233  193  144
 217  182  136
 208  169  118
 193  147   95
 122   66   31
  96   36   17
 228  187  135
 218  182  131
 235  199  152
 246  211  166
 236  198  142
 210  164  102
 146   95   49
 109   53   19
 210  153   94
 203  150   91
 200  146   85
 202  153   89
 199  150   89
 185  129   70
 155   96   39
 150   89   37
 141   78   23
 191  129   78
 238  203  149
 223  191  137
 230  195  143
 219  185  128
 180  132   78
 117   58   17
 148   93   49
 223  182  133
 235  209  168
 245  218  175
 220  182  131
 155  100   48
 166  107   56
 232  195  144
 220  190  142
 209  173  123
 203  158  106
 191  142   90
 177  120   70
 160  101   50
 158   90   39
 158   95   47
 230  198  154
 248  226  184
 211  180  133
 176  126   73
 188  140   84
 192  145   91
 198  150   97
 176  130   77
 198  146   99
 163  109   68
  56    7    0
 155  115   80
 230  185  132
 162  111   58
 174  121   66
 218  171  113
 210  171  115
 211  171  115
 215  173  120
 212  173  122
 206  166  113
 201  158  104
 181  130   86
 106   46   18
 208  161  104
 207  159  104
 201  154   97
 217  173  120
 230  189  133
 229  190  133
 239  198  149
 186  135   90
 142   84   28
 189  134   73
 224  173  114
 212  169  110
 210  168  112
 200  154   97
 200  151   97
 196  144   95
 173  119   65
 135   81   25
 179  125   71
 222  177  124
 230  196  142
 227  190  135
 175  125   75
 125   65   25
 177  123   77
 213  170  123
 227  195  147
 216  182  130
 205  163  110
 176  123   72
 142   83   33
 227  184  135
 226  196  150
 212  177  129
 205  166  117
 201  156  109
 190  137   89
 166  109   60
 158   89   45
 144   72   31
 196  151  100
 251  225  178
 235  209  163
 167  118   66
 156   95   46
 225  181  131
 208  174  123
 198  155  107
 206  165  117
 201  154  108
  69   22   11
  45   12    5
 181  144  106
 225  186  133
 187  140   84
 209  162  106
 212  175  118
 203  164  110
 204  166  111
 203  163  108
 199  157  103
 193  148   97
 204  155  102
 180  126   77
 215  171  113
 200  153   93
 188  137   74
 188  135   73
 204  156   90
 214  174  114
 232  198  148
 242  211  155
 221  181  127
 173  120   64
 182  127   72
 225  185  131
 249  221  171
 246  216  168
 216  180  127
 227  190  132
 244  206  147
 227  191  132
 174  119   65
 139   86   28
 177  134   75
 178  130   81
 153   98   53
 142   82   38
 182  130   82
 206  162  110
 218  180  125
 213  177  124
 214  174  122
 207  160  107
 143   88   36
 197  147   97
 234  203  154
 214  181  130
 206  169  121
 202  160  113
 186  136   88
 169  109   66
 165   92   53
 137   66   25
 150   92   45
 231  193  139
 234  203  153
 189  145   96
 122   60   15
 168  121   74
 241  208  159
 220  180  133
 220  188  139
 218  177  126
  89   45   22
  16    0    0
  91   49   27
 202  162  109
 186  145   82
 177  129   70
 219  183  127
 211  170  121
 204  166  111
 200  160  105
 191  149   96
 189  143   92
 199  151   95
 215  166  110
 243  214  168
 237  204  154
 223  186  131
 208  165  105
 203  158   93
 194  151   87
 214  175  118
 229  206  154
 255  237  190
 240  209  160
 152   97   42
 222  177  121
 241  212  161
 232  199  151
 222  180  124
 190  148   81
 205  159   95
 229  184  135
 246  213  159
 203  166  110
 168  120   65
 137   86   38
 110   52   13
 156   96   52
 179  129   80
 190  144   89
 212  170  107
 210  171  116
 212  171  119
 216  174  119
 182  131   77
 155   99   49
 228  193  141
 218  186  132
 211  176  124
 194  155  102
 172  123   71
 165  108   57
 157   93   49
 135   69   31
 100   36    4
 184  128   75
 224  186  136
 232  199  150
 208  174  119
 145   97   45
 165  114   65
 234  199  145
 223  187  140
 191  147   87
 117   68   23
  89   48   27
 107   49   17
 161  103   55
 172  124   66
 187  141   80
 216  177  123
 212  172  126
 202  162  110
 203  162  108
 195  152   98
 190  143   90
 182  134   77
 198  153   92
 239  211  160
 249  221  180
 243  218  175
 241  213  165
 237  204  154
 222  185  132
 201  164  110
 209  177  128
 233  204  157
 249  226  181
 198  159  107
 208  164  114
 226  186  134
 186  144   83
 203  157   95
 204  156   92
 199  149   84
 205  154   98
 217  176  122
 237  205  153
 233  202  150
 219  182  130
 161  112   66
 112   55   14
 148   92   48
 159  104   50
 215  171  106
 211  171  112
 211  171  112
 215  175  116
 215  172  116
 154  100   47
 187  135   76
 218  180  122
 203  167  112
 201  164  109
 185  134   82
 170  107   61
 148   84   41
 127   59   17
 124   64   22
 177  127   77
 225  182  133
 234  201  154
 230  200  154
 240  209  166
 207  168  120
 173  127   71
 214  174  117
 202  162  105
 197  146   92
 191  135   84
 156   92   51
 120   56   20
 175  125   71
 210  165  107
 194  146   97
 225  189  141
 211  172  127
 202  159  110
 198  154   98
 190  144   89
 181  132   78
 176  127   70
 217  179  118
 224  189  136
 234  203  160
 239  212  170
 237  212  168
 233  207  163
 243  217  172
 237  210  164
 222  195  150
 227  201  156
 221  191  141
 185  146   94
 233  195  138
 212  172  111
 200  150   92
 201  150   91
 201  148   86
 191  142   76
 201  156   92
 214  174  113
 218  183  127
 219  182  128
 224  184  127
 189  144   90
 118   57   17
 101   40    8
 193  143   96
 222  182  121
 205  165  107
 209  169  110
 224  184  127
 205  164  106
 144   96   36
 178  123   71
 197  153   92
 199  156   95
 194  145   89
 170  113   63
 153   87   43
 165  106   59
 202  156  103
 223  183  126
 219  184  130
 221  190  139
 224  196  153
 238  213  174
 217  185  140
 164  123   69
 222  186  128
 223  187  130
 210  164  110
 169  111   61
 158   92   50
 139   75   32
 165  114   59
 218  173  116
 182  136   83
 199  156  105
 236  199  149
 194  156  104
 198  158  104
 191  147   93
 189  141   87
 179  126   71
 209  159  103
 221  180  118
 229  196  140
 235  206  159
 233  207  162
 227  204  162
 240  219  178
 236  214  174
 227  203  160
 228  200  154
 235  206  161
 186  142   91
 203  155   95
 234  195  135
 230  188  130
 216  171  112
 206  159   98
 205  156   88
 200  151   86
 211  162  104
 214  172  113
 218  184  126
 219  187  135
 247  216  172
 197  158  108
  71   17    0
 132   74   48
 240  198  133
 211  172  114
 201  161  102
 209  169  112
 233  193  135
 191  149   86
 131   72   22
 149   86   46
 165   98   54
 175  117   62
 180  131   74
 180  126   75
 191  135   84
 199  152   98
 207  167  107
 214  176  121
 220  182  132
 233  199  155
 242  213  172
 192  156  109
 200  154   99
 232  188  133
 190  147   92
 182  128   76
 162  101   49
 151   84   40
 158   91   46
 172  116   62
 215  172  115
 216  173  115
 159  105   50
 228  184  133
 218  174  124
 186  136   89
 191  145   94
 190  143   88
 187  129   75
 170  119   63
 181  128   69
 201  156   96
 217  179  125
 227  194  143
 225  198  149
 230  208  162
 243  223  179
 234  211  167
 224  200  155
 222  195  148
 177  127   81
 127   66   21
 207  158  101
 231  192  130
 232  194  134
 217  180  122
 213  170  109
 208  162  102
 200  149   91
 199  151   92
 210  170  114
 232  199  152
 241  215  176
 249  224  176
 150  108   70
  67    6    0
 198  146  103
 229  191  127
 207  168  106
 201  153  101
 214  173  115
 220  183  121
 165  107   56
  89   17    1
 139   71   36
 194  138   83
 195  145   89
 188  137   86
 188  136   86
 198  150   99
 205  160  101
 200  156   97
 187  141   84
 217  179  129
 222  187  140
 171  128   74
 196  147   90
 200  151   96
 176  125   72
 172  115   66
 164  100   53
 159   90   45
 166  101   52
 178  124   69
 214  170  111
 241  201  141
 191  142   84
 156   99   43
 222  165  113
 205  157  108
 176  128   81
 182  128   77
 184  128   73
 159  102   47
 142   81   30
 158  104   49
 179  131   75
 200  155  101
 204  164  110
 212  177  123
 226  193  141
 230  197  144
 219  187  135
 203  169  114
 177  128   74
 164  112   56
 190  146   82
 205  164  100
 221  182  120
 230  192  132
 215  178  120
 210  171  114
 210  168  112
 210  167  113
 213  175  123
 218  186  140
 228  203  160
 240  218  171
 220  186  145
  84   32   26
 105   49   35
 224  179  125
 219  177  113
 208  159  102
 199  155   99
 202  162  105
 187  132   79
 152   89   47
 194  138   88
 203  153   97
 185  134   81
 190  137   86
 201  153  103
 207  161  112
 206  161  103
 193  146   88
 178  128   70
 191  138   83
 184  132   78
 189  142   85
 209  164  107
 185  135   79
 183  131   79
 177  123   75
 171  109   65
 166   98   52
 172  108   58
 186  131   76
 211  163  104
 217  178  116
 227  184  124
 173  118   59
 130   67   16
 174  113   65
 197  141   91
 200  140   89
 185  121   70
  96   34    4
 104   49   19
 140   88   43
 162  109   59
 177  126   77
 184  136   83
 182  133   79
 158  108   52
 169  124   66
 198  158   98
 197  158  101
 203  164  104
 219  180  114
 210  172  103
 196  156   90
 195  153   85
 212  168  100
 222  179  117
 215  175  118
 217  177  125
 225  190  142
 242  212  167
 231  204  160
 222  197  157
 230  203  156
 222  188  142
 116   70   51
  46    0    0
 137   82   51
 221  171  113
 208  163  105
 196  149   98
 189  142   90
 186  137   86
 206  156  100
 204  154  102
 179  131   77
 181  132   76
 195  147   94
 205  159  108
 206  162  111
 206  163  107
 195  145   91
 179  123   71
 173  106   56
 146   82   30
 210  162  106
 216  174  115
 187  137   81
 189  137   84
 185  129   81
 173  114   68
 171  104   58
 173  105   57
 167  104   50
 208  154   93
 203  161   98
 216  174  110
 207  162  101
 153   93   39
 160   92   40
 145   80   29
 148   82   43
 159   90   58
 127   76   52
  67   22    5
 104   58   27
 143   94   53
 170  119   79
 160  108   63
 164  113   64
 202  156  103
 219  178  125
 228  192  137
 218  185  132
 213  181  123
 215  177  115
 208  168  102
 206  166   97
 209  165   95
 202  154   83
 202  153   87
 200  153   90
 207  162  104
 233  200  151
 242  218  176
 233  208  168
 219  194  152
 227  195  148
 228  189  137
 147   98   58
  80   27    8
 103   47   16
 165  110   61
 200  152  100
 198  149   97
 179  131   79
 179  135   83
 190  145   94
 184  136   90
 181  133   79
 184  137   80
 190  144   92
 207  165  113
 219  180  129
 208  164  112
 183  130   78
 167  104   56
 130   66   31
 111   51   21
 212  164  110
 212  170  112
 185  137   82
 189  139   86
 188  134   85
 178  122   74
 174  111   62
 176  110   60
 130   64   20
 196  138   84
 212  170  103
 216  176  111
 218  177  116
 181  128   68
 185  128   66
 174  110   58
  89   19    0
 107   47   26
 175  129   84
  74   32   11
  57   13    3
  96   48   22
 130   76   43
 147   90   50
 211  165  116
 241  210  160
 239  207  158
 232  201  153
 218  185  133
 216  179  123
 213  174  112
 204  163   96
 205  162   93
 206  163   96
 219  175  111
 215  172  110
 191  144   77
 192  147   82
 210  174  116
 233  198  150
 227  191  148
 214  178  129
 195  156   97
 173  127   71
 153  100   46
 172  120   64
 216  173  116
 204  158  105
 168  118   64
 184  129   74
 200  156  103
 198  161  110
 198  156  105
 194  146   94
 189  140   84
 191  147   92
 211  168  116
 225  182  130
 205  163  111
 177  127   74
 168  106   54
 147   80   37
  83   24    4
  87   29   15
 213  162  108
 218  176  123
 195  152   98
 191  146   91
 190  143   89
 185  132   80
 169  114   59
 195  137   80
 109   45   16
 148   87   54
 222  177  109
 219  181  122
 232  197  143
 210  169  110
 193  145   84
 205  151   97
 120   63   21
 172  122   83
 156  101   57
 102   55   31
  79   38   21
  91   43   21
 104   50   16
 181  131   83
 239  199  148
 225  191  139
 225  188  135
 205  166  112
 191  149   92
 201  158   98
 204  162  101
 200  158   93
 206  163   96
 209  168  106
 217  178  121
 214  177  117
 194  150   84
 221  177  111
 173  124   60
 174  117   60
 181  124   73
 177  120   64
 162  103   45
 160  105   46
 174  121   61
 182  132   75
 211  169  111
 240  202  143
 190  145   88
 132   69   22
 214  173  127
 252  227  183
 193  154  104
 186  140   87
 199  153   97
 205  162  104
 200  153   97
 189  138   83
 172  117   63
 166  110   50
 154   88   41
 123   57   20
 109   47   12
 118   55   22
 201  150   93
 220  180  126
 215  174  118
 200  157  102
 198  154   99
 190  141   86
 172  120   61
 204  150   90
 145   85   43
 122   59   21
 212  159  100
 227  189  131
 242  215  166
 228  202  156
 196  158  107
 226  183  123
 173  127   72
 152  105   59
 135   83   46
 112   65   40
 121   73   44
 164  113   73
 191  140   85
 217  173  114
 237  203  154
 220  184  132
 204  162  106
 181  135   74
 189  139   77
 200  151   90
 198  154   93
 198  155   91
 206  161   96
 215  177  120
 229  195  145
 209  168  114
 175  123   60
 204  149   84
 185  130   64
 171  115   54
 175  117   62
 180  124   65
 192  138   80
 187  132   75
 183  127   71
 175  117   61
 180  130   72
 215  173  113
 191  147   87
 148   93   37
 210  171  121
 252  225  183
 182  137   89
 183  129   78
 194  139   86
 178  124   68
 173  115   57
 171  114   57
 160  105   46
 137   74   23
 126   56   17
 130   66   23
 150   87   38
 154   88   43
 186  136   74
 215  178  123
 214  177  120
 206  165  109
 202  159  104
 203  155   98
 183  133   70
 196  144   82
 146   90   40
 108   41    4
 162   99   51
 221  183  125
 233  206  157
 239  219  177
 200  164  115
 209  166  107
 204  158  107
 110   54   15
 119   68   34
  96   52   26
 119   68   33
 196  151   95
 195  150   88
 162  114   55
 216  176  122
 200  160  103
 183  135   71
 185  136   75
 191  142   79
 191  142   79
 193  145   85
 193  146   86
 193  149   86
 215  179  121
 230  199  153
 221  183  129
 192  140   77
 182  127   63
 181  127   64
 189  134   71
 202  150   90
 210  162  102
 203  158   97
 187  136   77
 174  115   59
 177  119   64
 183  129   69
 198  148   88
 198  150   92
 197  152   91
 194  156  102
 238  210  162
 207  169  117
 168  109   58
 172  110   56
 167  113   55
 172  110   52
 177  116   60
 179  130   77
 129   74   34
 134   67   25
 193  132   77
 180  122   67
 154   90   40
 178  123   65
 219  174  114
 218  180  119
 218  185  124
 219  183  125
 216  177  116
 197  152   87
 185  129   68
 135   73   25
 109   45   13
 112   51   14
 180  128   73
 239  206  151
 237  217  172
 218  189  138
 183  142   81
 144   90   50
  89   26    6
 111   58   33
 101   54   25
 159  114   67
 214  173  113
 195  153   97
 156  108   52
 209  164  106
 216  175  121
 200  151   93
 192  148   90
 195  149   88
 210  165  107
 224  184  134
 227  190  143
 222  184  130
 232  192  135
 229  186  137
 210  164  114
 196  145   85
 190  137   75
 189  138   76
 197  147   84
 207  159   99
 206  157   99
 190  139   81
 171  115   59
 164  103   48
 176  117   65
 192  136   78
 205  153   91
 194  143   84
 206  160  101
 197  154   97
 190  146   92
 189  142   88
 173  109   59
 163   95   43
 146   77   35
 126   61   25
 189  144   92
 241  212  163
 250  226  184
 216  179  133
 155  107   56
 156  100   48
 166  103   52
 181  125   69
 213  167  106
 223  186  125
 229  199  138
 230  198  141
 222  187  130
 204  164  100
 178  125   66
 127   67   20
 148   90   48
 160  106   61
 141   90   35
 209  169  108
 236  206  152
 207  173  117
 212  173  110
 150  102   58
  81   22    0
  98   44   17
 147   94   60
 207  165  115
 218  186  133
 243  214  172
 229  192  149
 163  116   61
 138   82   38
 183  124   82
 221  172  118
 222  185  129
 226  189  138
 224  187  136
 208  166  121
 180  128   86
 145   90   41
 111   51   16
 127   68   30
 189  139   80
 187  135   75
 194  141   83
 190  139   80
 185  130   74
 184  126   73
 183  119   68
 171  109   57
 166  104   52
 177  115   63
 181  122   68
 154   96   52
 100   40   15
 188  136   95
 223  185  130
 192  148   89
 185  133   75
 179  119   67
 164   95   48
 127   50   14
 150   95   57
 246  226  173
 234  212  174
 246  230  195
 253  232  187
 217  179  126
 146   89   36
 147   85   33
 178  123   65
 209  165  104
 222  187  129
 225  198  138
 233  202  146
 221  190  135
 214  178  119
 187  139   86
 139   86   38
 174  124   69
 185  138   78
 183  137   83
 170  128   66
 202  165  105
 201  168  111
 240  210  161
 242  212  167
 156  116   70
 110   59   23
 191  135   91
 215  173  125
 236  210  168
 239  218  186
 234  207  173
 203  162  116
 134   75   32
  90   25    0
 132   73   35
 175  123   75
 152  100   48
 138   75   22
 134   64   18
 138   73   28
 144   80   32
 148   84   42
 215  161  115
 217  171  115
 167  114   58
 170  111   56
 173  114   59
 171  106   58
 173  103   59
 167  100   50
 169  104   55
 163   99   51
 148   85   36
 125   61   21
  90   27    1
  83   17    0
 193  138   96
 240  206  155
 199  164  112
 189  143   84
 188  136   79
 182  122   72
 154   85   37
 183  136   83
 255  248  201
 232  212  176
 243  216  177
 219  191  141
 204  165  105
 184  130   74
 144   80   30
 144   84   32
 200  152   96
 235  202  145
 242  216  165
 239  213  162
 228  203  152
 230  200  144
 179  135   79
 132   78   33
 200  153   96
 191  151   89
 194  154   97
 188  147   88
 205  168  113
 235  208  157
 240  219  180
 242  222  180
 228  202  145
 137   82   46
 158   97   50
 164  115   68
 233  201  157
 229  202  162
 223  196  154
 208  173  124
 189  145   92
 124   67   28
  85   25    2
 173  115   65
 206  155   90
 166  111   56
 161   97   50
 177  115   60
 177  117   62
 174  117   61
 213  170  117
 228  191  135
 216  175  117
 190  138   81
 180  120   66
 170  103   59
 162   91   50
 159   93   45
 158   93   49
 132   69   30
 106   42   10
  96   31    3
 135   71   35
 182  119   69
 180  124   71
 235  193  142
 227  190  143
 198  156  105
 192  145   90
 193  142   84
 179  120   63
 170  118   66
 251  221  175
 232  209  159
 226  197  146
 225  189  135
 184  142   81
 183  132   75
 174  112   62
 132   68   22
 161  108   58
 244  209  153
 250  226  178
 236  216  167
 235  205  154
 223  189  134
 150  103   50
 120   61   18
 210  163  108
 215  178  118
 198  160   97
 197  157   98
 237  204  151
 241  215  167
 235  214  171
 239  216  170
 214  183  129
 138   82   40
 126   69   25
 146   91   47
 207  164  111
 207  176  123
 212  181  131
 218  183  129
 211  171  116
 158  107   56
  96   42    9
  81   23    6
 167  108   71
 205  154   90
 196  146   80
 177  116   63
 170  112   57
 205  159  100
 210  169  116
 215  182  125
 226  194  133
 180  134   76
 154   96   41
 146   84   37
 147   78   38
 139   70   34
 107   42   16
  89   30    9
  98   37   14
 136   74   39
 198  139   88
 194  135   80
 140   78   29
 199  147   97
 237  197  144
 222  183  133
 220  179  128
 201  160  105
 204  158  104
 177  127   73
 201  155  100
 229  190  136
 216  179  126
 218  177  122
 206  161  102
 192  142   86
 186  134   80
 153   96   47
 119   58   13
 191  144   92
 242  208  151
 222  191  138
 225  180  128
 160  116   68
  87   35   15
 132   76   30
 205  156   97
 219  180  118
 207  167  103
 196  155   93
 223  186  126
 217  183  127
 236  207  153
 240  209  155
 208  170  110
 197  150  103
 203  158  109
 192  143   92
 180  132   76
 205  166  114
 216  182  133
 213  178  130
 205  169  122
 189  147   90
 164  119   72
 155  112   82
 149   96   66
 127   67   35
 147   91   54
 177  117   65
 176  117   65
 219  184  124
 221  187  131
 218  182  126
 203  161  104
 176  126   69
 164  111   55
 154   94   46
 154   88   47
 133   62   32
  91   27    9
  71   13    6
  94   35   13
 184  126   80
 212  158  102
 158  100   49
 138   72   26
 153   92   42
 208  163  106
 219  184  126
 226  191  138
 228  193  148
 221  187  146
 219  180  131
 172  125   69
 206  164  109
 210  166  109
 191  144   87
 200  153   94
 198  149   92
 192  145   89
 175  123   71
 136   69   26
 119   54    9
 170  119   61
 184  135   82
 176  125   78
  92   46   12
  42    0    0
 122   69   27
 192  139   80
 221  180  116
 212  170  103
 200  152   82
 205  157   88
 202  154   84
 225  186  122
 221  185  124
 201  157   94
 224  191  145
 216  179  125
 201  155  102
 175  126   73
 208  165  112
 223  188  138
 204  173  125
 215  184  137
 233  212  166
 248  225  191
 255  241  209
 255  240  199
 208  169  121
 156  101   57
  93   31    9
 111   46   24
 205  157  107
 205  166  105
 200  156   97
 215  175  114
 203  162  100
 194  146   86
 184  135   75
 186  134   75
 183  129   72
 156   98   49
  97   35    2
 126   62   27
 214  165  114
 192  144   87
 154   93   39
 155   92   45
 154   91   39
 161  100   44
 195  141   84
 222  179  118
 234  200  152
 233  202  165
 233  205  157
 177  128   73
 189  142   86
 209  164  107
 181  124   69
 183  130   70
 198  149   90
 190  139   82
 186  132   75
 160  100   49
 111   41    6
 154   90   45
 209  163  105
 195  152  102
 189  140   93
 162  110   61
 141   82   33
 163  103   49
 203  154   83
 221  176  102
 202  146   82
 166  105   44
 168  112   48
 213  171  108
 220  179  115
 185  136   69
 217  187  137
 198  163  103
 200  157   98
 183  135   79
 199  154   98
 217  180  128
 210  177  127
 224  194  148
 236  215  175
 224  203  166
 242  225  187
 238  220  176
 224  196  144
 247  214  157
 215  177  126
 134   78   37
 155   89   38
 188  136   73
 189  135   73
 202  156   92
 205  164   96
 199  152   85
 192  144   77
 193  143   77
 190  140   75
 176  122   64
 147   89   38
 190  138   84
 226  180  121
 174  119   60
 156   91   34
 165  108   52
 183  126   69
 160  103   45
 125   59    9
 143   84   36
 195  146   94
 249  214  169
 234  207  160
 148   88   44
 154   91   49
 220  172  118
 189  136   82
 166  113   56
 183  131   74
 183  130   73
 186  130   74
 175  112   59
 120   48   11
 209  154  107
 241  206  151
 215  181  129
 215  175  123
 206  161  104
 188  137   78
 176  120   58
 164  103   41
 146   82   30
 186  125   68
 165  101   43
 157   98   38
 197  150   92
 220  173  113
 173  119   55
 198  159  105
 174  130   68
 169  116   56
 172  118   61
 190  143   86
 211  172  118
 213  179  127
 223  193  150
 244  222  189
 226  207  164
 199  169  115
 212  172  118
 231  193  138
 214  179  121
 229  192  132
 231  190  131
 157   99   47
 135   66   14
 169  101   48
 172  117   59
 190  145   82
 199  153   89
 206  157   94
 204  153   91
 189  141   80
 176  125   68
 177  123   69
 190  138   82
 196  144   88
 166  109   57
 162  106   53
 190  140   84
 197  145   93
 145   92   42
 185  133   88
 149   96   59
 149   95   47
 204  158  107
 211  175  121
 133   65   18
 128   60   18
 202  151  102
 213  166  113
 176  122   68
 178  121   66
 182  125   70
 182  121   68
 180  116   63
 157   96   40
 232  190  138
 233  196  151
 215  177  130
 192  151  100
 185  139   84
 191  141   85
 193  139   80
 186  130   68
 158   98   45
 140   77   24
 159   91   38
 165  104   47
 199  147   94
 206  153   98
 157   96   38
 175  130   78
 164  115   56
 166  110   47
 154   98   36
 168  117   57
 210  167  111
 209  172  118
 214  181  133
 247  225  189
 249  229  190
 212  183  127
 183  135   78
 198  148   89
 188  145   83
 177  131   73
 221  181  122
 235  193  139
 146   84   41
 123   56   16
 201  146   95
 208  162  105
 194  144   87
 188  137   83
 184  132   79
 182  131   77
 179  125   74
 178  123   75
 172  116   67
 167  111   61
 183  128   77
 178  127   73
 183  129   78
 151   93   49
 187  143   99
 252  224  187
 239  209  175
 205  166  124
 141   89   42
 151   93   43
 201  149   90
 184  131   78
 161  108   58
 218  169  116
 196  145   92
 179  123   70
 188  130   75
 176  119   60
 181  123   63
 161  102   46
 229  190  134
 235  196  146
 237  195  145
 232  193  143
 192  144   89
 182  127   69
 199  147   89
 203  151   92
 189  136   78
 165  103   47
 137   68   16
 153   87   34
 189  135   77
 190  138   79
 151   92   36
 240  210  168
 214  179  128
 205  168  103
 199  152   86
 182  130   70
 187  143   86
 197  154   99
 201  160  102
 237  206  157
 237  210  164
 213  183  131
 198  150   97
 192  137   80
 197  148   87
 190  141   83
 191  145   89
 226  183  129
 214  170  123
 192  145   97
 235  194  142
 203  160  104
 189  139   85
 191  142   91
 193  143   93
 193  143   90
 190  139   90
 194  143   96
 219  172  127
 225  181  136
 209  166  116
 210  165  114
 128   73   28
 149   98   57
 254  227  182
 237  215  181
 235  212  181
 247  221  185
 194  152  109
 145   81   34
 202  158   99
 220  175  120
 156   99   48
 167  111   60
 203  146   96
 182  127   74
 180  124   68
 177  115   60
 181  118   61
 164   99   43
 193  143   84
 179  135   75
 196  148   89
 224  188  131
 241  205  152
 201  159  102
 191  144   87
 201  150   94
 193  141   85
 182  123   67
 154   90   37
 172  114   63
 204  158  103
 207  162  104
 191  140   84
 239  215  174
 231  204  156
 229  197  141
 226  189  128
 218  174  114
 199  152   92
 184  133   74
 181  127   70
 192  144   86
 226  188  133
 233  196  145
 190  143   94
 170  116   62
 189  133   76
 195  141   85
 180  128   74
 175  125   72
 231  193  146
 235  203  153
 212  178  127
 194  150   98
 198  151   99
 201  154  105
 201  153  105
 199  152  102
 208  165  115
 222  184  135
 223  189  146
 224  192  148
 227  196  149
 224  189  141
 183  137   90
 212  175  130
 243  216  173
 214  181  137
 227  200  162
 255  235  198
 227  197  153
 137   79   29
 176  126   68
 218  174  119
 196  147   94
 151   98   46
 170  111   61
 180  125   73
 179  126   73
 186  128   78
 171  115   64
 160  100   43
 200  144   88
 178  130   75
 168  113   56
 194  146   86
 219  186  132
 247  220  170
 219  183  131
 199  156  102
 192  143   88
 176  118   66
 193  139   82
 245  206  157
 248  219  176
 229  197  150
 184  142   89
 217  184  131
 211  175  123
 206  162  114
 193  149   95
 174  128   70
 165  111   61
 164  107   62
 169  108   62
 163  101   45
 191  142   89
 229  192  141
 236  198  145
 197  153  100
 172  119   66
 171  111   58
 183  127   73
 195  147   97
 242  209  165
 228  197  147
 207  169  117
 210  166  115
 214  170  119
 215  171  122
 217  172  124
 220  178  127
 221  184  133
 226  194  143
 235  205  157
 235  204  158
 241  211  163
 211  177  123
 195  156   99
 233  195  146
 225  185  139
 196  153  100
 203  166  118
 238  208  165
 234  205  157
 150   97   46
 174  122   66
 214  173  118
 209  170  115
 189  145   91
 157  104   52
 174  119   66
 187  140   89
 225  186  140
 208  175  126
 180  130   81
 153   96   54
 223  180  132
 160  106   56
 194  135   80
 193  147   91
 216  184  133
 234  203  155
 224  188  137
 210  167  113
 181  128   77
 194  145   87
 247  218  171
 236  217  181
 247  221  179
 225  188  137
 191  149   94
 188  144   90
 164  117   64
 142   84   30
 120   57    7
  94   33    4
  73   13    7
 129   68   35
 158   95   40
 194  148   91
 210  171  114
 222  181  126
 235  196  144
 198  155  108
 163  106   56
 155   97   40
 233  197  150
 252  234  197
 215  182  133
 214  177  119
 215  179  124
 216  179  126
 216  179  126
 214  177  124
 219  182  129
 215  178  125
 228  190  137
 239  208  155
 231  200  153
 211  174  122
 191  149   88
 176  129   66
 216  174  125
 223  190  138
 192  156  100
 188  145   88
 217  180  122
 212  177  123
 152  103   52
 168  117   66
 219  181  128
 206  169  117
 216  179  125
 188  141   88
 174  120   66
 217  176  128
 240  213  170
 247  221  172
 195  154  107
  92   30    6
 214  171  122
 199  159  103
 172  121   71
 199  151  100
 196  153   98
 219  180  129
 231  202  155
 223  193  141
 204  164  109
 188  139   87
 252  217  171
 230  205  160
 211  172  124
 190  142   88
 178  128   71
 193  144   86
 190  141   83
 183  130   74
 170  113   58
 160  103   55
 142   83   45
 139   75   28
 147   86   33
 224  187  130
 227  191  135
 189  146   91
 204  159  104
 230  186  132
 216  172  117
 165  112   59
 173  124   79
 253  232  194
 230  203  160
 214  182  132
 222  187  134
 218  180  127
 217  179  126
 215  178  125
 215  178  125
 219  182  129
 212  175  122
 220  185  135
 219  183  131
 210  169  113
 164  116   59
 169  119   56
 239  204  146
 222  190  137
 194  155   94
 177  133   69
 214  176  111
 208  172  112
 143   90   42
 146   91   45
 217  177  122
 210  177  123
 213  183  127
 220  185  128
 191  144   88
 189  143   91
 225  187  143
 237  204  157
 177  135   88
  95   37    2
 178  126   77
 247  212  158
 198  162  109
 193  151  100
 204  159  108
 200  160  106
 228  193  140
 231  200  148
 230  196  147
 200  161  108
 213  176  126
 222  184  134
 169  118   64
 182  126   69
 169  111   51
 172  118   57
 183  133   70
 195  145   89
 188  138   78
 175  121   57
 181  126   66
 166  114   51
 161  103   51
 232  190  139
 225  189  134
 211  169  112
 174  125   67
 176  126   68
 207  163  108
 227  183  132
 178  133   83
 206  167  121
 241  209  167
 225  188  139
 226  187  133
 217  180  128
 212  175  122
 210  173  120
 210  173  120
 211  175  122
 207  171  118
 219  182  129
 222  182  128
 178  131   88
  90   35   16
 178  134   90
 235  204  145
 195  152   98
 183  139   82
 177  131   70
 209  167  107
 212  173  112
 139   84   36
 127   69   29
 201  159  101
 221  181  129
 208  175  120
 223  188  131
 212  170  110
 151  100   45
  89   38   14
  83   43   35
  81   35   15
 112   55   18
 148   88   37
 190  141   84
 247  210  149
 209  172  111
 208  166  110
 209  166  111
 215  173  115
 241  210  159
 245  217  174
 224  193  139
 191  152   96
 204  159  105
 164  111   59
 178  122   69
 162  100   47
 173  117   59
 177  127   63
 181  133   70
 183  134   72
 180  129   65
 178  127   62
 196  148   83
 183  136   76
 218  177  119
 208  168  109
 217  172  114
 185  132   76
 162  105   48
 160  106   49
 165  111   58
 194  141   88
 203  158  104
 190  144   92
 176  122   71
 197  145   93
 207  169  113
 208  174  116
 214  175  120
 212  177  123
 205  168  114
 193  153  101
 184  136   82
 155   98   54
  96   43   17
  49    3    0
 201  161  128
 227  197  140
 173  128   73
 181  131   77
 184  139   83
 211  172  117
 210  170  117
 130   75   34
 107   48   12
 172  126   74
 208  171  117
 215  179  123
 209  172  113
 204  167  108
 181  128   74
 116   52   15
  59    3    0
 106   56   27
 197  151   99
 202  163  105
 141   91   36
 183  131   78
 242  204  142
 208  176  113
 211  172  113
 206  170  112
 227  197  137
 253  230  182
 237  214  167
 221  190  139
 207  164  113
 186  136   84
 162  108   53
 149   91   37
 154   98   42
 174  119   61
 195  143   83
 187  136   76
 196  146   86
 190  141   81
 195  149   87
 207  163  102
 201  160   99
 190  147   87
 203  156   97
 202  150   94
 176  121   64
 176  119   61
 164  106   52
 170  113   60
 192  143   89
 163  111   58
 133   74   25
 132   76   25
 167  119   65
 197  153   98
 182  136   82
 167  120   68
 169  121   69
 173  123   71
 144   93   46
 115   58   18
 114   54   19
  88   33    2
 202  163  123
 225  194  139
 181  136   80
 193  143   88
 188  143   88
 214  176  122
 200  159  107
 111   58   24
  86   32    6
 151  102   59
 178  132   80
 201  156  102
 203  160  102
 199  156   96
 182  130   71
 170  117   65
 197  154  107
 218  179  132
 238  204  155
 246  218  174
 234  201  158
 128   84   43
 157  104   51
 221  172  113
 228  187  129
 219  183  129
 221  190  140
 232  209  160
 233  212  167
 227  198  151
 202  163  109
 205  161  106
 190  141   87
 180  127   70
 176  120   66
 133   74   25
 161  102   50
 191  136   79
 199  150   92
 200  155   96
 202  161  101
 207  163  102
 201  154   91
 192  143   83
 198  148   91
 201  152   95
 188  136   78
 175  119   61
 180  124   70
 175  118   65
 182  126   75
 181  124   74
 170  115   64
 155   97   47
 154   91   42
 172  111   61
 180  127   74
 165  111   58
 168  115   62
 180  130   75
 206  158  109
 205  160  111
 171  119   69
 141   83   38
 210  168  123
 217  182  132
 164  116   60
 172  121   65
 174  129   74
 214  175  121
 194  151   97
  89   39   14
  64   15    7
 144   93   57
 188  135   86
 176  127   75
 186  144   85
 200  163  107
 230  195  148
 240  211  166
 242  217  165
 236  207  157
 234  203  164
 218  187  146
 238  214  173
 251  225  178
 188  144   94
 118   61   25
 181  129   93
 234  196  144
 253  224  180
 241  220  173
 239  219  175
 241  213  165
 191  149   96
 131   81   41
 197  146  113
 182  134   75
 184  130   75
 165  105   56
 162  105   52
 185  133   75
 207  160  101
 203  162  101
 208  171  110
 203  159   99
 198  149   87
 208  162  102
 195  146   88
 190  141   81
 182  133   72
 178  121   64
 185  128   72
 177  120   66
 166  108   56
 159   99   48
 168  111   59
 162  103   53
 151   83   37
 123   53   11
 140   77   32
 174  114   61
 179  124   70
 173  125   67
 178  127   70
 202  160  104
 206  168  111
 186  141   86
 208  166  114
 214  178  127
 182  135   82
 183  136   81
 176  133   76
 210  173  116
 173  129   77
  83   34    6
  79   33   20
  81   30    7
 161  109   60
 204  163  109
 219  186  127
 213  176  116
 196  154  100
 180  135   83
 174  129   74
 219  186  133
 235  201  152
 217  183  132
 213  184  136
 234  211  169
 252  224  181
 136   91   56
 143   91   58
 209  168  116
 202  163  114
 208  175  127
 206  178  131
 229  197  148
 149   99   57
  73   11    0
  90   31   16
 189  143   84
 179  125   68
 185  130   74
 196  148   89
 193  148   89
 204  161  101
 209  170  109
 221  185  122
 196  152   92
 177  124   68
 215  172  113
 199  152   93
 187  137   75
 181  132   70
 182  126   69
 183  127   69
 182  126   69
 169  111   58
 154   89   39
 167  105   53
 168  107   55
 144   77   27
 119   53    9
 118   50    9
 142   78   28
 161  104   49
 166  116   56
 172  122   60
 177  132   76
 175  130   73
 189  140   81
 197  155  100
 202  167  111
 207  167  116
 201  155  105
 178  133   75
 208  164  107
 146   96   51
  90   38    5
  85   40   13
  94   46   18
 189  141   91
 220  182  127
 200  160  106
 186  139   86
 162  114   60
 163  115   60
 182  135   82
 204  165  108
 196  161  100
 197  163  111
 218  190  145
 236  211  174
 226  196  153
 183  144   87
 204  163  106
 220  179  123
 147   94   41
 121   59   11
 125   69   20
 158  100   51
 133   68   28
 129   61   29
 137   70   38
 201  151   94
 175  120   64
 184  132   75
 221  175  118
 205  162  105
 203  163  105
 217  178  119
 218  178  117
 186  139   80
 171  116   60
 202  148   95
 210  161  105
 188  139   81
 185  134   75
 183  127   70
 174  118   61
 185  129   72
 175  115   63
 154   88   39
 162   98   48
 169  110   55
 165  107   50
 184  130   75
 205  155  100
 201  155   99
 210  166  106
 219  177  115
 212  173  110
 205  168  110
 166  118   63
 150   92   38
 190  140   88
 196  158  104
 198  159  107
 166  120   70
 174  126   72
 197  145   94
 128   75   33
  94   47   13
  97   52   18
 171  122   81
 212  170  116
 179  131   79
 158  105   55
 159  102   52
 171  117   66
 186  143   88
 212  174  118
 206  167  111
 203  167  108
 233  199  147
 235  207  165
 242  217  173
 217  182  129
 169  123   64
 206  165  102
 228  191  130
 190  147   91
 181  135   81
 196  154   94
 182  135   74
 169  108   52
 164   96   45
 168  101   53
 179  126   70
 157  101   46
 185  137   79
 216  173  117
 210  168  114
 209  171  114
 220  183  125
 209  168  108
 190  141   82
 177  120   64
 147   84   36
 208  158  104
 195  149   89
 186  132   75
 183  126   70
 172  116   59
 177  121   64
 173  121   65
 155   98   45
 175  121   68
 201  154   99
 225  184  128
 235  199  145
 233  201  146
 222  188  128
 217  182  120
 226  190  125
 234  199  141
 248  216  168
 222  187  139
 178  130   80
 136   80   30
 207  167  113
 227  190  138
 204  167  118
 200  160  107
 166  116   68
 105   55   16
  82   39    5
 162  116   75
 205  154  103
 163  113   63
 155   95   49
 164  108   61
 182  130   79
 190  139   85
 187  141   86
 185  143   89
 210  171  116
 229  193  134
 232  199  147
 244  210  162
 225  188  136
 164  111   63
 145   87   38
 210  168  108
 222  187  133
 218  179  132
 218  183  132
 205  172  114
 187  145   84
 181  125   64
 167  106   48
 164  104   48
 147   92   42
 149   86   39
 208  162  109
 206  170  116
 215  177  124
 222  186  130
 219  185  127
 206  171  112
 206  163  103
 170  115   66
  84   25    4
 140   90   51
 206  158  100
 186  133   80
 181  130   72
 172  119   62
 172  116   60
 184  134   72
 204  159  100
 227  188  135
 236  202  145
 220  185  125
 211  172  114
 212  170  112
 198  152   89
 195  152   88
 198  157   91
 208  167  111
 223  189  142
 236  206  160
 219  183  133
 152  103   51
 182  135   80
 226  192  134
 244  215  159
 203  162  107
 119   66   25
  91   39   11
  99   55   27
 225  189  131
 232  194  144
 171  127   77
 172  117   66
 183  127   74
 184  137   83
 190  147   94
 197  154  100
 200  160  109
 237  204  158
 233  198  146
 213  175  119
 192  149   96
 142   88   49
  96   35    3
 151   95   45
 205  164  103
 223  188  140
 220  184  137
 208  170  120
 201  160  106
 194  148   90
 176  123   63
 168  112   52
 168  109   53
 144   87   39
 147   87   40
 219  174  121
 215  181  127
 225  190  136
 222  186  130
 200  163  105
 198  159  100
 209  163  110
 126   70   37
  42    0    0
  84   21    5
 186  129   82
 200  163  102
 182  137   74
 174  126   64
 185  134   74
 211  171  115
 214  173  117
 196  152   92
 178  130   68
 175  128   64
 181  132   69
 188  138   75
 180  130   63
 185  137   70
 189  144   75
 201  160  101
 226  192  143
 225  191  144
 199  162  113
 228  192  145
 201  162  115
 199  164  108
 205  159  100
 122   66   21
  85   30    3
  76   25    3
 105   56   35
 240  208  160
 246  229  182
 215  187  135
 184  145   91
 195  154   99
 213  179  127
 230  198  150
 230  196  148
 226  191  142
 226  189  136
 202  156  104
 153  100   45
 111   46    8
  49    3    0
  85   37   19
 179  123   65
 207  168  107
 223  190  138
 213  179  126
 202  163  111
 194  151   98
 189  142   84
 174  121   62
 178  121   64
 169  109   56
 188  139   86
 196  155  101
 224  191  134
 218  188  132
 216  183  128
 215  177  121
 183  140   84
 185  138   82
 179  130   75
 114   60   18
 138   92   51
 173  123   74
 187  139   81
 222  184  119
 228  190  129
 215  172  113
 203  160  101
 223  185  129
 193  152   94
 171  126   66
 176  125   64
 184  131   70
 197  148   85
 209  163   99
 209  164  101
 210  167  104
 223  184  120
 229  192  130
 243  211  158
 199  161  112
 203  163  115
 251  230  190
 238  211  174
 223  185  132
 187  139   85
  96   38   11
  82   25    4
 127   78   44
  82   28    8
 211  171  134
 255  252  206
 249  231  192
 252  220  183
 252  221  181
 239  207  162
 207  168  120
 189  143   99
 178  129   84
 152  104   53
 133   83   33
 127   77   27
 132   79   37
  93   45   25
  77   26    5
 169  116   70
 232  193  145
 230  199  155
 217  185  137
 207  165  116
 186  140   87
 175  125   68
 184  130   73
 186  130   74
 140   80   28
 214  178  131
 219  192  136
 240  221  159
 226  202  147
 220  189  138
 221  184  132
 200  158  105
 168  118   64
 151   96   41
 199  152   97
 244  201  145
 223  189  133
 195  158  104
 142   92   47
 156  110   67
 181  139   86
 154  102   56
 195  146   91
 251  214  159
 216  180  123
 196  146   89
 178  122   66
 181  130   72
 171  122   64
 183  140   82
 228  195  133
 215  177  115
 201  158  101
 192  147   97
 133   84   35
 203  163  117
 255  240  207
 237  213  178
 215  177  126
 184  141   77
 152  105   51
 181  134   91
 246  207  168
 152  103   73
 125   71   29
 210  177  128
 216  185  138
 186  142   95
 167  118   68
 155  105   54
 149   95   48
 147   89   46
 126   67   21
 151  101   57
 214  179  138
 219  188  147
 209  181  136
 216  172  127
 145   90   50
 138   90   50
 248  213  171
 241  214  176
 220  187  140
 203  157  106
 186  134   84
 176  126   69
 194  139   78
 155   96   47
 110   51   11
 244  203  157
 222  186  132
 211  179  126
 232  207  156
 221  196  142
 227  196  143
 219  185  127
 154  105   43
 172  118   62
 217  178  118
 234  203  150
 231  201  149
 198  162  108
 148  100   50
  81   36    5
  56   16    0
 103   50   12
 175  119   66
 241  204  150
 214  178  121
 179  132   74
 174  124   66
 181  131   73
 188  137   80
 219  176  116
 227  190  128
 172  118   62
 117   54   17
 127   64   26
 146   93   39
 208  172  119
 255  234  199
 233  205  164
 206  168  116
 176  128   73
 223  185  137
 252  227  188
 236  215  184
 218  186  148
 171  121   75
 153  103   53
 213  166  112
 200  153  100
 177  130   79
 154   99   51
 145   86   48
 121   62   28
 125   71   29
 217  183  140
 247  228  193
 249  225  195
 233  207  169
 207  171  124
 198  150  101
 199  154  108
 235  206  165
 234  210  172
 210  176  127
 196  156  101
 198  147   95
 200  144   93
 162  106   64
  91   31    5
 124   65   31
 158  105   68
 169  119   75
 114   63   30
 225  191  144
 227  204  143
 198  168  108
 181  144   82
 161  113   48
 200  157   97
 224  192  135
 234  205  154
 226  196  146
 188  147   97
 140   91   40
  69   32    7
  40    4    7
 103   58   18
 155  100   44
 173  124   66
 207  162  104
 213  171  112
 212  171  111
 217  172  113
 217  168  109
 193  145   86
 144   89   35
 113   45    3
 111   40    9
 130   62   26
 183  127   74
 199  159  101
 239  208  163
 224  193  146
 197  158  101
 192  144   93
 247  218  178
 222  205  166
 213  197  157
 243  225  187
 197  162  120
 148   93   45
 182  133   75
 220  185  125
 217  183  128
 174  123   77
 138   78   45
 124   64   34
 136   82   45
 240  214  170
 251  235  201
 234  211  182
 232  203  166
 207  170  123
 158  115   65
 216  178  133
 245  220  185
 230  207  170
 206  172  122
 192  158  100
 205  158  103
 170  112   72
  79   27   13
  78   24    7
 151   93   50
 129   66   35
 198  153  108
 204  157   99
 190  136   83
 201  155  104
 228  198  155
 212  179  133
 176  129   77
 221  186  137
 223  196  148
 208  174  121
 183  140   83
 153   98   46
 121   64   30
 102   51   23
 113   60   29
 162  107   59
 236  208  172
 233  205  164
 205  165  108
 189  143   89
 159  104   55
 116   55   23
 148   89   49
 196  146   94
 138   77   30
 174  125   78
 244  218  177
 226  197  155
 240  214  173
 177  128   73
 188  137   74
 112   57   23
 108   52   24
 185  134   82
 199  152  100
 206  164  119
 221  189  142
 196  159  111
 134   77   37
 173  125   75
 173  128   78
 138   86   47
 180  136   84
 217  181  131
 236  206  163
 222  191  148
 208  170  121
 194  152   96
 227  201  163
 229  202  159
 180  135   81
 166  109   62
 157  101   56
 135   75   38
 183  126   79
 183  129   80
 127   65   20
 181  135   92
 245  223  184
 230  203  163
 231  204  164
 200  162  111
 139   83   38
 184  139   90
 121   60   26
 203  155  107
 223  185  135
 217  180  136
 201  163  107
 150   97   50
 149   93   54
 198  154  100
 205  162  113
 160  109   68
 214  173  114
 235  208  155
 239  217  177
 246  225  185
 246  224  180
 229  200  148
 204  167  115
 191  148   92
 197  153   98
 196  146   97
 179  127   77
 103   48   21
 180  140  101
 179  127   73
 162  104   55
 202  162  115
 240  219  179
 225  198  156
 218  189  148
 220  185  137
 145   94   59
 233  202  146
 202  158  102
 186  136   79
 195  153  103
 193  150   96
 194  152   95
 206  167  110
 218  182  124
 194  148   92
 223  188  137
 212  173  117
 153  100   50
 213  174  120
 242  216  167
 228  200  154
 237  215  168
 234  209  160
 220  186  128
 205  161  101
 198  155   96
 198  153   98
 163  105   58
  79   27    4
 107   63   36
 197  150   92
 195  150   95
 175  131   79
 241  217  176
 227  201  160
 224  196  150
 226  195  150
 199  157  110
 203  162  110
 211  174  115
 191  146   90
 128   72   39
 207  168  117
 230  197  146
 221  185  135
 189  144   88
 213  177  125
 242  217  173
 185  138   88
  98   43   20
  89   39   17
 182  136   87
 213  177  121
 195  153   99
 194  148   96
 174  124   75
 193  149   90
 194  149   90
 212  172  119
 201  161  118
  87   32    7
 188  140   87
 238  210  159
 223  196  148
 225  192  145
 228  201  156
 231  207  164
 221  193  144
 222  195  149
 203  165  117
 189  143   91
 202  161  105
 205  163  106
 196  151  100
 229  194  146
 195  154  101
 185  136   85
 173  119   68
 205  164  111
 208  171  123
 172  118   74
 170  110   68
 133   78   45
 183  141  103
 247  223  182
 212  177  128
 160  105   56
  88   26    5
 174  127   81
 223  182  124
 227  197  150
 255  244  200
 190  151  105
 150   91   33
 234  206  152
 207  173  119
 213  178  116
 217  185  131
 236  212  166
 218  194  144
 222  193  146
 195  157  110
 190  145   88
 196  148   92
 197  154   99
 205  163  110
 196  155   95
 204  163  106
 164  107   55
 167  106   56
 176  117   65
 194  146   92
 179  123   75
 161   97   51
 163  109   61
 230  200  153
 224  200  152
 217  185  134
 231  200  152
 184  142   89
 109   54   29
 213  174  122
 229  199  143
 236  211  163
 225  197  142
 140   82   34
 206  165  112
 203  162  101
 198  149   85
 187  142   83
 205  168  125
 244  227  184
 230  206  160
 163  118   72
 196  152   95
 175  124   69
 197  151   94
 205  166  108
 207  166  109
 214  173  115
 174  119   66
 193  140   82
 184  129   77
 193  144   87
 197  149   95
 160   95   48
 127   66   24
 179  131   81
 196  151   92
 220  186  135
 232  206  165
 227  191  134
 131   78   41
 119   68   41
 221  181  119
 211  174  119
 219  183  128
 181  134   88
 166  115   67
 217  177  117
 182  133   77
 188  142   88
 165  115   77
 199  163  115
 162  116   69
 193  152  102
 179  129   75
 174  122   66
 172  117   63
 195  150   95
 155  100   55
 181  128   76
 192  143   85
 184  134   75
 195  149   92
 195  151   94
 220  179  123
 159   97   50
 109   51   22
 155  105   60
 150   91   43
 194  145   92
 216  177  121
 187  138   80
 167  109   55
 173  120   74
 192  149   94
 201  159   98
 206  165  110
 208  166  114
 156  100   56
 203  159  102
 175  126   71
 196  158  109
 249  227  195
 210  178  138
 131   73   33
 238  209  166
 188  140   86
 197  152   97
 157   99   43
 106   50   14
 144   86   42
 166  111   55
 190  140   81
 169  112   54
 189  138   83
 237  207  155
 218  183  126
 148   92   44
 154  102   62
 255  231  185
 181  137   86
 193  147   94
 222  186  132
 191  141   85
 165  103   51
 191  139   87
 238  213  167
 196  154   98
 202  156  101
 197  152   95
 149   91   54
 173  121   82
 186  135   79
 209  170  120
 228  196  154
 233  200  155
 187  142   94
 145   90   56
 212  168  113
 222  180  128
 226  185  128
 172  123   78
 183  126   68
 212  164  102
 201  155   97
 178  123   70
 169  113   59
 208  165  111
 228  193  137
 151   97   50
 184  135   90
 240  214  167
 184  136   84
 190  141   91
 224  193  145
 199  154  105
 174  116   68
 154   85   38
 235  205  160
 197  158  110
 180  128   75
 208  167  116
 179  131   88
  89   47   32
 188  147  100
 198  150   91
 211  171  115
 206  166  112
 203  162  109
 163  110   67
 223  185  132
 203  157   96
 206  162   99
 233  202  148
 213  175  123
 200  153   98
 240  209  160
 216  176  118
 219  177  120
 195  150   96
 168  121   69
 136   77   36
 192  143   91
 214  176  118
 206  162  109
 174  121   70
 223  189  138
 205  168  118
 178  124   76
 136   66   26
 165  111   65
 223  187  136
 166  118   69
 213  174  125
 215  176  122
  80   37   15
 134   87   52
 193  148   86
 211  173  122
 201  162  109
 190  145   91
 201  153   95
 237  207  157
 243  217  173
 228  198  150
 220  190  142
 236  210  165
 209  172  121
 217  177  120
 199  150   88
 199  147   84
 222  184  127
 219  184  130
 170  123   74
 131   72   28
 206  162  103
 217  179  120
 196  151   95
 178  130   73
 203  163  105
 177  122   70
 146   83   39
 176  125   75
 230  196  145
 233  206  164
 194  155  105
 211  173  114
 192  140   86
 140   74   33
 182  133   78
 207  165  114
 214  176  127
 191  147   93
 180  131   76
 197  147   86
 219  181  127
 231  205  159
 241  221  178
 235  212  168
 197  158  111
 189  139   83
 231  190  131
 210  166  104
 201  152   90
 208  166  108
 247  218  168
 155  113   78
 153  100   65
 226  187  123
 216  177  118
 173  123   69
 138   69   32
 189  135   80
 188  135   84
 208  164  107
 205  165  109
 222  189  143
 197  155  103
 201  154   99
 169  111   62
 156   88   42
 200  152   96
 204  159  100
 197  145   93
 196  149  100
 190  137   82
 122   63   22
 161  109   56
 196  150   96
 192  150   96
 206  170  115
 196  155  100
 190  145   82
 210  170  103
 218  178  116
 212  171  116
 222  185  136
 232  207  164
 230  202  159
  92   39   28
 183  133   85
 211  166  108
 187  139   86
 181  125   77
 189  139   84
 195  146   95
 208  164  111
 188  137   80
 174  115   62
 199  153   95
 187  137   83
 175  116   70
 167   99   53
 193  139   81
 220  180  116
 168  111   53
 164  100   51
 166  101   59
 104   57   33
  91   44   21
 149   94   54
 199  154  103
 225  191  139
 218  184  129
 214  176  111
 204  161   92
 207  161   94
 202  157   94
 229  196  147
 223  192  149
 200  159  105
 138   87   45
 169  119   74
 190  139   85
 191  147   96
 196  152  100
 186  139   84
 209  167  115
 207  164  111
 163  102   54
 108   46   18
 207  161  109
 196  151   95
 185  132   81
 170  109   58
 154   92   48
 222  182  118
 212  171  112
 176  118   62
 130   71   38
 123   76   43
 102   54   30
 175  125   76
 236  202  150
 203  163  107
 193  146   87
 195  151   86
 210  168  106
 219  182  127
 195  147   80
 180  125   63
 181  124   68
 175  120   60
 180  126   67
 216  174  114
 172  121   65
 221  186  141
 197  153  104
 193  142   85
 189  136   78
 152   91   36
 129   61   18
 132   69   29
 203  157  102
 212  174  118
 194  149   92
 189  137   76
 131   67   26
 197  148   95
 240  217  170
 210  172  118
 165  116   66
 102   53   26
 175  129   79
 196  152   90
 199  156  101
 197  149   88
 201  156   94
 214  172  117
 216  177  122
 212  171  122
 187  133   72
 190  137   73
 205  156   96
 190  138   81
 172  113   58
 195  141   82
 195  148   89
 206  168  114
 187  134   83
 153   86   37
 166  109   58
 198  159  113
 176  124   78
 164  103   48
 197  147   87
 223  189  128
 221  186  126
 190  141   78
 129   67   25
 150   95   47
 226  195  140
 209  173  116
 123   67   31
 138   84   48
 221  186  138
 235  208  168
 161  109   64
 155   97   57
 203  160  105
 181  130   82
 153   93   49
 158   99   56
 194  144   88
 183  128   70
 182  121   70
 174  110   58
 168  105   53
 126   64   25
 153   97   62
 218  179  124
 182  129   73
 150   79   33
 202  165  120
 255  246  207
 222  191  139
 150   89   36
 182  129   72
 238  210  153
 238  213  160
 200  160  103
 163  111   59
 189  145   87
 190  151   91
 235  208  160
 214  186  141
 139   81   38
 189  144   97
 226  199  154
 205  165  113
 106   49   12
 137   77   37
 171  112   55
 173  111   54
 207  161  106
 221  185  128
 171  117   61
 153   83   41
 136   69   34
 100   38   12
 137   73   37
 174  113   64
 219  177  128
 216  178  126
 189  139   83
 204  160  107
 229  198  147
 208  167  109
 181  127   72
 144   84   37
 223  188  135
 235  204  152
 139   93   53
 162  110   62
 217  179  116
 211  173  114
 239  213  162
 230  202  148
 207  167  118
 188  140   87
 208  170  117
 214  182  132
 207  175  130
 201  168  138
 173  123   80
 143   83   44
 207  167  110
 214  177  116
 184  137   77
 170  113   59
 134   72   36
 102   43   18
 204  152   98
 153   91   39
 167  108   55
 211  169  111
 237  206  162
 199  159  108
 197  149   92
 192  142   84
 198  150   92
 156   97   48
 141   77   31
 196  150   95
 122   73   41
 152   97   48
 214  168   99
 192  139   72
 202  156   91
 212  170  107
 195  156   99
 175  124   65
 200  157  103
 222  191  145
 239  220  184
 233  209  161
 228  195  139
 191  147   97
 158   95   43
 178  122   62
 202  158   93
 202  153   87
 182  131   70
 178  123   68
 184  130   74
 169  112   56
 170  113   59
 150   91   44
 203  160  111
 182  133   86
 171  111   65
 195  145   89
 181  125   69
 174  113   59
 182  126   78
 236  201  152
 203  159  104
 184  130   69
 169  110   52
 154   88   34
 180  124   67
 190  137   77
 199  160  108
 182  134   70
 192  145   85
 211  173  119
 240  216  171
 199  158  104
 186  135   76
 210  169  108
 194  144   95
 184  131   84
 201  154   98
 188  137   85
 185  133   82
 191  140   92
 199  150  102
 172  120   71
 187  143  100
 247  224  190
 189  147  106
 171  115   61
 184  132   80
 189  134   84
 184  128   74
 170  106   49
 190  137   79
 215  173  119
 216  176  123
 199  152   95
 194  142   84
 156   93   39
 183  128   74
 187  136   79
 228  199  151
 211  172  116
 178  129   74
 164  107   58
 196  147   91
 222  184  133
 186  134   80
 171  114   59
 219  180  131
 227  194  143
 201  157  105
 208  162  113
 212  169  118
 228  194  147
 236  206  161
 202  163  112
 218  181  135
 222  191  146
 230  201  159
 170  119   65
 208  165  109
 166  112   60
 183  130   79
 201  155  104
 177  123   73
 178  126   73
 198  152   96
 229  198  148
 204  161  108
 188  135   80
 244  215  170
 225  193  146
 187  141   84
 173  120   65
 135   77   33
 119   56   23
 180  127   72
 221  184  128
 212  169  117
 179  126   73
 222  189  146
 229  200  153
 219  182  128
 217  180  127
 217  181  127
 230  196  144
 223  189  136
 181  135   74
 220  183  129
 190  150   90
 204  166  107
 161  110   60
 213  177  123
 206  169  113
 191  144   93
 232  204  160
 141   91   54
 192  145   96
 201  157  103
 204  162  110
 231  199  149
 210  169  117
 220  186  138
 193  147   96
 167  109   51
 190  141   78
 188  137   74
 175  121   58
 200  155   99
 216  176  119
 179  127   69
 186  136   81
 197  152  102
 206  164  116
 206  165  111
 212  177  122
 206  169  117
 202  160  107
 141   89   52
 134   88   60
 216  180  123
 182  135   78
 205  164  107
 133   77   33
 192  150   97
 223  190  132
 185  137   79
  91   36   12
 127   78   44
 182  133   77
 208  167  109
 215  175  114
 223  188  133
 238  212  164
 203  163  109
 178  125   69
 163  107   52
 164  107   52
 192  140   81
 200  155   94
 203  160   97
 198  150   92
 190  138   81
 167  109   53
 181  126   73
 160  103   52
 154   97   46
 182  131   78
 172  123   69
 177  128   76
 140   85   45
 165  119   81
 202  161  108
 180  132   76
 201  161  109
  93   42   17
 153  103   61
 198  155   97
 205  164  108
 201  160  112
 233  200  154
 231  202  159
 182  140   93
 182  133   85
 231  198  147
 248  230  184
 214  181  132
 168  119   75
 186  135   78
 174  118   65
 197  150   91
 211  172  112
 196  150   90
 203  155   96
 185  136   75
 184  129   72
 173  115   62
 165  104   53
 151   85   36
 127   58   14
 164  105   52
 181  132   73
 190  146   87
 198  153   97
 199  159  108
 184  137   82
 181  137   83
  74   26    3
 137   88   53
 214  174  116
 188  145   92
 188  146   92
 211  175  120
 217  188  141
 235  211  169
 173  128   83
 194  150   98
 174  131   82
 164  112   68
 109   44   20
 175  120   65
 199  152   94
 212  173  116
 216  178  118
 182  129   72
 192  138   84
 192  142   84
 176  119   63
 172  115   59
 167  108   56
 195  145   90
 208  164  111
 208  167  107
 219  181  119
 205  166  114
 163  111   59
 202  162  110
 205  164  111
 145   94   48
 110   64   27
 185  135   86
 166  111   61
 167  112   60
 187  143   87
 213  177  119
 243  214  163
 207  167  118
 188  142   82
 214  174  120
 187  144   90
 175  122   63
 166  101   47
 149   90   41
 206  163  111
 219  183  129
 214  177  116
 163  113   67
  90   33   11
 199  150   94
 186  138   76
 190  142   83
 204  162  104
 206  165  105
 207  164  103
 194  148   82
 207  166  104
 239  208  161
 196  156  108
 210  171  117
 192  150   98
  69   14    0
 169  130   93
 230  200  149
 184  138   88
 213  175  123
 217  180  130
 217  179  126
 160  110   61
  88   32    7
 180  131   77
 226  193  142
 207  169  117
 184  135   75
 172  115   56
 211  172  119
 228  202  144
 220  186  133
 187  141   85
 160  109   58
 184  141   95
 188  145   91
 180  137   84
 198  152   99
 213  173  116
 174  121   62
 181  130   70
 209  168  105
 218  178  117
 183  139   88
 226  197  157
 237  207  162
 150   98   48
 147   98   71
 159  113   79
 231  207  162
 213  175  131
 189  145   98
 161  110   65
 167  122   75
 173  132   90
 127   77   46
 195  152  108
 234  204  158
 191  145   93
 185  132   74
 151   92   43
 193  150  105
 200  168  119
 227  201  144
 175  131   70
 201  157   98
 248  220  165
 165  122   72
  59   17    0
 132   81   37
 217  174  116
 196  151   93
 197  148   91
 197  152   93
 133   70   29
 137   76   31
 228  197  150
 215  181  133
 207  167  115
 250  231  193
 196  159  119
 171  119   66
 200  158  102
 143   86   45
 124   65   28
 233  208  170
 251  230  196
 198  156  105
 219  184  144
 224  197  155
 201  156   99
 150   94   58
 106   48   19
 137   81   46
 195  145   94
 217  180  133
 178  134   88
 185  142   94
 183  141   89
 190  149  105
 165  122   85
 206  170  126
 216  182  134
 161  106   58
 156   99   59
 159  100   51
 203  166  124
 237  212  171
 177  129   77
 178  131   83
 190  143   95
 205  166  114
 183  137   86
 200  158  107
 180  135   85
 225  195  146
 244  220  174
 223  191  138
 201  158  100
 168  114   67
 127   77   45
 183  134   82
 213  181  137
 232  207  165
 195  155  111
 211  171  114
 185  140   89
 207  168  117
 196  151   97
 217  180  129
 155  102   63
 156  109   73
 225  193  141
 158  106   62
 193  148   94
 221  190  143
 157  110   67
 221  188  132
 219  186  134
 231  208  161
 213  182  134
 184  136   80
 205  162  106
 204  163  107
 174  118   65
 188  137   83
 171  112   63
 165  113   68
 222  189  139
 198  159  113
 149   99   60
 230  200  145
 197  156  105
 192  146   89
 192  146   87
 203  169  127
 193  156  109
 186  137   81
 159  105   56
 165  111   60
 182  129   70
 207  164  108
 185  138   87
 157  107   67
 193  147   96
 206  161  106
 172  117   67
 206  167  113
 196  150   96
 168  115   71
 199  157  106
 216  181  139
 175  128   86
 221  180  126
 200  157  104
 201  155  101
 204  159  103
 203  159  103
 170  121   72
 203  160  109
 202  159  107
 207  168  117
 166  106   59
 196  153  107
 204  161  109
 148  105   71
 166  120   74
 218  179  124
 187  142   91
 222  184  129
 236  210  162
 217  186  139
 209  164  106
 213  169  108
 201  162  111
 168  121   78
 209  166  108
 178  128   76
 170  112   63
 204  160  108
 219  185  134
 181  129   78
 170  113   63
 204  161  107
 189  139   86
 120   68   31
 187  143   96
 211  175  120
 203  161   95
 211  167  105
 230  198  149
 167  125   88
 181  132   82
 189  141   90
 201  156  101
 181  128   76
 172  119   71
 187  135   82
 175  115   64
 205  160  100
 164  105   58
 126   79   47
 193  149   97
 207  164  104
 208  167  109
 197  150   92
 189  136   76
 187  132   72
 190  142   86
 197  153  101
 178  123   70
 164  110   65
 170  115   65
 225  190  129
 159  102   50
 198  158  107
 186  145   97
 185  141   97
 204  166  119
 152   97   52
 171  114   66
 195  148   94
 179  121   68
 138   72   34
 155   97   56
 203  155  101
 193  145   96
 226  196  145
 172  117   62
 219  185  133
 166  120   71
 202  161  102
 226  198  147
 186  140   84
 213  178  126
 215  187  147
 183  135   86
 189  139   82
 186  135   75
 148   90   46
 167  108   56
 183  132   81
 203  161  113
 189  138   82
 172  114   59
 185  135   87
 176  128   78
 182  125   63
 192  141   80
 200  160  104
 182  134   82
 216  179  128
 197  150   93
 203  158  108
 203  157  103
 214  171  119
 206  164  112
 210  174  131
 195  152  104
 182  129   76
 187  133   80
 195  146   92
 215  174  119
 185  132   79
 200  154  104
 181  131   74
 156   99   47
 197  151   96
 191  142   89
 210  172  124
 214  177  124
 212  175  123
 178  136   92
 204  165  108
 179  134   82
 201  161  105
 179  137   92
 161  113   71
 206  164  108
 233  202  151
 210  172  121
 172  116   60
 201  155   94
 207  162  100
 182  128   70
 164  105   53
 159  100   50
 172  121   67
 166  118   70
 200  158  102
 135   87   47
 162  114   68
 192  148   94
 221  189  142
 204  165  117
 207  171  120
 167  119   76
 190  143   89
 214  176  118
 162  110   63
 187  135   78
 187  136   79
 192  144   87
 211  170  108
 212  174  121
 187  143   92
 130   83   46
 190  148  100
 198  154  100
 197  157  106
 171  126   81
 203  162  107
 169  112   56
 209  175  124
 201  164  108
 188  144   92
 155  113   68
 183  139   87
 201  155   94
 181  132   75
 200  160  115
 207  170  123
 179  140  103
 206  168  119
 169  119   76
 186  148  108
 183  143  103
 217  180  131
 152   96   50
 183  136   89
 200  160  110
 186  143   94
 202  167  123
 210  173  122
 154   99   55
 194  153  109
 217  185  140
 192  147   93
 195  150   95
 178  127   79
 191  149  104
 193  151  102
 192  151  102
 204  165  112
 210  179  134
 198  153   99
 190  142   87
 188  139   87
 189  144   95
 189  141   91
 196  153  102
 178  132   86
 198  157  108
 193  154  108
 218  180  121
 207  166  111
 190  148   99
 186  135   82
 188  141   91
 183  131   80
 188  138   85
 172  127   84
 192  146   92
 186  134   78
 164  107   58
 193  145   94
 186  137   86
 188  142   88
 192  149   97
 199  158  105
 197  155  107
 195  147   93
 182  132   84
 201  158  108
 188  138   85
 187  139   87
 199  152   94
 181  130   73
 194  145   88
 191  142   90
 196  155  103
 176  132   82
 178  133   84
 203  164  113
 203  163  113
 202  162  107
 177  130   79
 181  130   73
 199  155  100
 177  136   93
 183  139   92
 194  155  110
 181  133   83
 190  144   92
 192  149  102
 189  146   98
 200  162  116
 198  155  101
 191  145   93
 188  141   91
 188  143   93
 192  148   97
 188  139   87
 187  138   87
 192  145   91
 189  141   87
 190  144   91
 184  142   94
 194  151  102
 192  147   96
 191  147   98
 189  143   91
 188  142   92
 190  145   94
