 172  125   78
 185  137   85
 203  161  111
 203  164  113
 177  129   79
 205  165  115
 174  125   78
 176  131   86
 212  180  137
 207  172  125
 195  155  109
 198  156  103
 198  155  104
 138   87   50
 181  134   84
 193  149   95
 223  194  149
 230  204  162
 197  159  113
 152  102   59
 196  148   89
 179  129   76
 183  134   81
 210  173  120
 204  162  106
 202  158  102
 203  160  107
 202  162  114
 150   96   53
 175  123   69
 201  162  114
 213  177  126
 209  165  108
 195  150   95
 188  145   94
 197  150   95
 188  136   80
 206  163  107
 184  136   86
 156  104   63
 206  167  116
 209  170  117
 185  139   89
 162  106   60
 216  180  128
 206  168  115
 183  137   89
 172  125   78
 201  159  105
 214  179  134
 188  145   98
 166  118   77
 190  144   96
 193  149  105
 195  153  101
 202  158   98
 183  133   82
 169  121   72
 191  141   84
 220  176  105
 214  169  105
 168  117   67
 176  133   92
 169  120   76
 154  108   68
 200  161  113
 209  172  121
 199  156  101
 207  163  103
 204  159   98
 205  163  109
 178  130   84
 172  121   71
 197  151   96
 187  137   86
 183  129   77
 191  145   95
 175  123   75
 207  165  110
 171  119   71
 169  113   61
 209  168  111
 182  132   81
 178  128   84
 194  147   96
 179  127   76
 181  133   84
 176  125   76
 178  131   85
 197  157  111
 205  165  118
 195  152   99
 158  107   62
 193  141   85
 182  130   77
 193  148  100
 176  130   81
 191  146   94
 194  154  107
 198  155  105
 183  132   80
 200  156  102
 193  143   86
 174  119   70
 171  117   71
 181  130   79
 205  162  113
 194  149   98
 198  153  101
 176  121   67
 183  132   81
 205  165  111
 179  130   77
 196  149   91
 210  170  117
 170  117   66
 195  151   96
 182  140   95
 176  128   83
 212  178  133
 192  148   98
 203  160  107
 202  161  113
 161  116   77
 181  135   89
 204  162  109
 205  166  115
 153  112   75
 187  138   82
 192  146   88
 192  146   90
 194  147   93
 179  127   72
 189  141   89
 188  139   86
 198  153   97
 192  150   99
 195  154  105
 197  156  104
 144   98   59
 183  139   89
 190  145   92
 188  146  100
 199  159  111
 202  161  110
 213  176  125
 179  130   79
 157   97   49
 181  129   78
 201  162  113
 207  171  125
 216  184  141
 211  171  117
 182  135   85
 180  130   82
 196  155  107
 180  133   84
 165  110   62
 180  131   86
 154  104   62
 172  124   74
 200  159  105
 199  161  112
 188  147   99
 174  132   85
 184  138   85
 199  154   95
 193  146   89
 175  122   72
 186  140   93
 204  163  109
 191  153  108
 193  151  101
 194  152  102
 178  133   88
 182  141  102
 199  160  116
 195  154  106
 133   85   48
 199  157  111
 201  160  108
 214  176  124
 202  161  111
 165  114   67
 204  160  101
 163  112   64
 152   96   51
 193  149   93
 182  132   81
 170  121   71
 161  110   65
 199  151   94
 206  173  130
 197  159  110
 184  142   90
 214  177  122
 194  152  102
 184  137   86
 183  138   87
 204  167  121
 221  187  136
 176  128   81
 190  146  100
 203  165  118
 199  157  108
 186  145   95
 177  134   90
 197  156  109
 197  155  102
 189  147   98
 185  140   89
 179  135   87
 182  138   88
 178  132   87
 208  171  121
 194  147   92
 141   86   43
 184  143   95
 165  117   72
 188  149  101
 178  140   97
 167  126   82
 197  157  106
 170  131   90
 226  199  157
 184  142   96
 140   95   60
 144  100   65
 198  154  103
 193  147   91
 190  144   89
 217  179  123
 193  150   95
 176  127   79
 203  162  112
 206  170  122
 200  156  100
 207  167  116
 173  128   86
 193  150   99
 200  160  109
 204  169  122
 189  148  103
 169  121   74
 162  117   77
 161  114   69
 204  164  111
 217  184  134
 217  186  138
 198  160  108
 192  149   94
 163  115   66
 133   88   50
 182  140   90
 193  149   93
 172  124   77
 192  147   95
 208  161  102
 152  102   59
 157  107   61
 219  182  128
 192  148   98
 217  179  125
 214  171  110
 196  151   96
 189  148  102
 191  148  100
 204  160  103
 213  170  110
 176  123   72
 187  140   92
 227  191  134
 172  116   62
 217  169  108
 172  122   74
 181  138   96
 192  145   94
 196  154  103
 183  137   83
 186  143   93
 187  142   93
 183  133   80
 174  122   69
 172  121   73
 207  169  118
 199  154   97
 180  134   87
 186  138   88
 208  169  113
 195  149   93
 208  165  108
 190  141   86
 199  160  113
 187  142   94
 196  150   97
 204  169  125
 202  163  113
 171  116   66
 178  124   73
 222  182  124
 175  125   79
 174  115   60
 201  150   89
 205  164  113
 202  164  118
 185  144   95
 175  133   88
 201  163  112
 181  137   88
 207  167  115
 201  159  103
 163  110   62
 175  125   77
 192  143   88
 173  125   78
 172  124   78
 186  139   89
 178  131   80
 190  151  103
 177  128   78
 209  164  103
 198  154  101
 200  159  101
 188  144   91
 198  162  113
 185  146   98
 164  112   62
 199  155  104
 194  154  104
 173  128   83
 198  153  103
 182  143  100
 183  136   89
 192  141   83
 180  127   71
 192  144   92
 170  120   72
 161  119   66
 178  132   81
 219  183  130
 170  119   73
 193  145   89
 199  156  102
 171  122   73
 177  128   79
 181  134   81
 208  167  108
 194  150   96
 166  115   68
 182  128   72
 200  155   98
 181  129   73
 205  165  109
 214  183  136
 206  171  122
 143   90   46
 186  140   84
 186  141   89
 203  159  105
 175  126   77
 149  103   65
 191  145   89
 165  109   55
 158  111   71
 165  119   75
 155  103   57
 173  116   64
 186  131   74
 206  159   99
 216  170  103
 192  141   82
 193  146   93
 190  144   91
 187  136   80
 201  155   98
 167  123   79
 203  170  126
 177  131   82
 192  147   94
 189  145   93
 180  131   78
 202  157   99
 192  146   91
 152   96   51
 200  155   96
 190  144   90
 182  137   88
 187  135   77
 215  174  117
 201  160  108
 229  193  132
 212  173  115
 160  110   62
 184  139   87
 206  169  113
 201  158  100
 176  137   95
 141   96   59
 196  158  106
 206  167  115
 201  162  109
 213  177  120
 185  141   92
 182  134   82
 180  135   88
 197  155  103
 185  133   78
 158  105   59
 191  144   92
 193  145   94
 185  133   77
 189  139   88
 184  133   83
 196  148   91
 176  123   69
 169  115   65
 174  125   78
 175  129   80
 174  115   59
 189  136   79
 203  162  112
 203  162  110
 196  155  104
 163  106   56
 191  144   93
 202  164  113
 184  139   89
 187  145   94
 164  118   75
 160  107   63
 200  156  100
 183  136   84
 169  121   72
 173  118   67
 193  147   99
 195  150   92
 173  120   67
 165  119   76
 190  145   90
 191  140   78
 195  149   93
 204  163  111
 188  142   88
 175  128   77
 181  133   79
 178  134   83
 200  159  102
 185  139   84
 190  150  106
 206  166  111
 175  123   68
 156  101   53
 190  144   92
 198  154  102
 194  151  103
 188  145   99
 193  148   98
 197  154  105
 190  142   92
 182  134   88
 200  160  110
 188  137   81
 186  137   86
 196  148   94
 177  122   67
 195  150  102
 211  174  124
 171  121   68
 185  138   84
 194  154  107
 182  139   87
 221  186  128
 188  148   96
 174  129   81
 220  187  131
 205  169  116
 204  168  118
 171  126   80
 201  162  112
 178  136   89
 197  156  106
 200  159  111
 180  136   89
 179  136   90
 210  170  116
 181  134   85
 206  164  111
 194  151  100
 191  140   84
 165  109   62
 157  105   60
 212  164   96
 207  163  100
 177  130   81
 167  118   73
 170  123   79
 200  159  104
 211  175  126
 187  152  108
 200  164  117
 201  160  107
 181  131   79
 175  128   80
 182  138   86
 201  159  105
 178  132   81
 210  171  117
 218  180  127
 198  157  107
 179  133   87
 172  126   79
 193  150  101
 190  145   94
 197  153  101
 196  151   96
 179  133   87
 201  163  115
 191  146   95
 188  143   95
 179  133   84
 213  178  130
 181  138   93
 185  137   86
 195  150   96
 189  143   91
 202  158  101
 180  130   77
 187  143   97
 185  142   93
 198  155  103
 200  153   95
 185  136   85
 182  133   83
 189  142   91
 189  141   89
 187  139   87
 192  145   91
 188  140   89
 182  134   86
 189  145   98
 196  153  105
 191  148   99
 185  138   86
 181  135   88
 190  145   90
 197  155  102
 182  134   83
 191  144   89
 190  145   95
 187  146   99
 184  139   90
 190  148  102
 197  158  110
 172  123   75
 199  156  105
 202  163  116
 183  135   84
 178  131   84
 179  132   84
 172  125   78
 197  160  115
 171  128   85
 191  147   95
 202  161  106
 193  150   99
 199  158  110
 198  157  107
 185  143   97
 199  157  107
 178  134   89
 177  133   87
 198  157  106
 185  142   93
 174  128   79
 172  131   84
 184  140   90
 198  154   99
 178  130   81
 196  154  105
 205  164  110
 190  146   96
 197  153  101
 191  141   86
 198  153   99
 191  147   96
 183  140   92
 190  147   97
 188  144   92
 187  139   87
 178  129   79
 185  141   90
 186  140   89
 210  171  115
 192  150   98
 186  142   91
 188  144   94
 177  131   82
 180  134   85
 170  121   74
 185  134   79
 191  147   91
 191  147   94
 194  148   94
 182  136   85
 181  135   87
 191  145   92
 186  137   83
 181  131   77
 187  142   91
 180  128   75
 205  163  109
 196  152   99
 183  138   87
 192  150   98
 164  119   76
 190  146   93
 194  149   95
 189  141   88
 180  133   83
 185  138   84
 194  149   96
 186  139   87
 188  141   88
 182  135   81
 193  150  100
 178  129   78
 193  149   98
 193  148   99
 186  138   88
 187  139   87
 193  146   92
 177  128   78
 191  147   97
 195  155  106
 184  139   88
 191  149   97
 191  149   95
 209  172  119
 188  146   98
 185  142   93
 194  150   97
 191  144   92
 187  142   93
 188  142   92
 191  147   97
 188  142   93
 194  149   98
 183  136   87
 187  145   96
 192  146   94
 194  150   99
 193  151  102
 185  141   93
 191  149  100
 183  138   89
 176  131   84
 192  149   97
 192  150   99
 187  143   93
 187  139   87
 191  146   94
 186  141   90
 183  137   86
 183  136   84
 188  142   90
 193  148   96
 184  138   88
 181  134   84
 192  147   95
 186  140   88
 194  151   98
 186  141   90
 191  147   96
 190  146   96
 189  145   96
 184  138   89
 191  147   96
 187  141   91
 188  143   92
 185  140   89
 190  145   95
 187  142   92
