 138  131   84
 114  105   65
  95   85   49
 112  103   64
 114  109   70
 113  108   72
 105  100   71
  73   67   45
 106   95   63
 108   97   66
  61   52   40
  89   79   62
 100   90   71
 103   92   72
 118  102   76
 116   85   54
 103   96   63
  71   65   39
  91   84   50
 109  103   65
  99   94   63
 103   97   71
  80   76   56
  36   31   25
 127  115   71
 150  136   81
  81   70   51
  79   69   53
 102   91   71
 101   88   68
 115  102   74
 105   85   61
 128  126   95
 132  128   94
 105   98   65
  85   76   46
  95   86   56
  96   88   59
 107  101   69
 124  118   82
 123  116   78
 115  105   69
  93   82   59
  60   53   43
  98   89   63
 102   91   64
 113  100   68
  89   67   47
 120  118   94
 132  128  100
 137  133  100
  82   75   52
  70   63   40
 104   98   72
 116  109   85
 113  106   83
 108  102   80
 108  102   81
  89   85   68
  50   46   42
  97   88   59
 126  114   76
  91   76   48
  71   52   34
  92   87   68
 119  114   90
 110  106   79
  87   83   65
 130  122   88
 145  138  101
 110  103   81
 123  116   95
 123  116   95
 110  105   86
  91   90   77
  44   44   44
  95   85   57
 128  115   78
 116  103   67
  83   69   43
  94   87   60
  76   71   52
  58   56   42
 130  123   74
 169  161  100
 168  162  106
 102   93   61
  99   91   65
 112  108   79
 111  106   84
  79   80   79
  46   50   51
  79   74   48
 122  111   78
 116  106   75
 117  104   75
  90   84   59
  91   83   60
  76   70   50
  94   85   49
 112   98   51
  97   88   53
  91   84   60
  98   90   65
  63   59   46
  42   42   40
  45   48   55
  57   58   54
  69   64   42
  91   82   58
 123  113   80
 125  114   79
 108   99   71
 123  113   80
  91   84   60
  78   72   54
 107   99   69
  53   48   34
 106   99   74
  97   89   68
  88   81   66
  28   24   23
  41   38   29
  74   69   50
  86   78   57
  60   50   37
  87   79   55
 104   97   70
 111  106   78
 116  110   84
  76   73   64
  93   87   70
 121  113   91
  81   73   62
 111  102   71
 183  175  108
 126  119   79
  69   65   49
  49   45   36
  78   71   53
 104   92   64
  74   63   47
  57   47   34
  75   65   52
  80   80   69
  73   73   67
  97   96   78
  96   89   70
 144  137  114
 101   91   75
  66   57   42
 141  133   87
 159  151   98
  72   66   52
  70   61   49
  88   79   60
 108   95   67
  84   69   53
  77   61   46
  63   49   33
  72   73   58
  96   96   77
  96   96   75
 100   95   71
 126  119   93
  97   89   69
  82   75   53
  69   64   51
  63   61   58
  64   63   61
  67   62   57
  95   85   61
 140  121   73
  80   67   53
  75   61   47
  71   59   44
  60   62   52
  74   78   67
  47   51   48
  97   91   68
 130  119   85
  89   80   59
  95   89   63
 127  121   89
 104  100   74
  58   55   42
  32   29   23
  63   54   36
 116  101   72
  78   67   59
  79   69   59
  79   69   58
  61   61   49
  58   57   47
  47   45   39
 105   95   73
 133  119   85
  78   69   50
 116  107   77
 143  134   92
 154  145   98
 127  117   80
  42   36   25
  60   53   35
  78   72   57
  83   76   71
  74   67   61
  86   79   72
  92   82   60
  83   75   58
  75   68   54
 102   94   75
 117  109   85
  76   67   52
 101   93   66
 143  134   90
 120  111   72
 137  128   84
  91   84   59
  81   76   56
  60   56   44
  61   57   53
  67   62   59
  77   71   69
 128  112   82
 112   94   64
  81   70   51
  83   75   56
 100   90   64
  96   87   65
  54   50   36
 135  126   87
 155  144   96
 146  135   88
 120  111   75
  83   76   59
  94   86   68
  31   29   29
  51   50   49
  64   60   57
 151  135   92
 113   91   57
  85   71   47
  97   83   50
 106   92   62
  96   84   64
  82   74   63
  79   70   57
 126  115   81
 144  132   93
 115  106   75
  72   67   54
 115  108   79
  67   62   52
  56   52   44
  87   81   66
 157  134   81
 112   89   57
  84   69   44
 120  102   59
 109   94   67
  95   83   68
 110  101   85
  95   87   73
  58   55   51
  61   57   49
  79   75   65
  87   81   66
 117  107   77
 130  122   89
  68   61   49
  60   53   46
 152  133   82
 108   90   62
  84   73   48
 122  102   55
 112   97   64
  94   88   67
 103   96   76
  87   81   66
  66   61   44
  67   61   36
  66   61   43
  87   78   58
 116  105   75
 113  103   74
  89   81   66
  98   93   76
 140  130   85
 119  109   74
  96   86   59
  95   84   53
  76   67   46
  84   80   59
  75   72   56
  95   91   68
 133  124   76
 148  139   85
 128  117   71
  95   85   53
  80   75   58
  79   75   58
  71   67   54
  94   86   69
 201  192  111
 149  139   86
  89   82   58
 100   92   70
  96   89   73
  60   58   47
  71   67   45
 100   95   64
 150  142   89
 156  147   88
 163  153   89
 151  140   77
  79   70   46
  83   75   54
  79   70   51
  87   65   48
 115  108   69
 104   97   67
  60   56   42
 120  115   85
 117  112   80
  85   80   54
  89   82   52
 105   98   60
 127  118   69
 151  143   85
 157  150   89
 139  131   78
  99   89   59
 102   91   67
  88   76   54
  93   73   54
  58   55   42
  82   76   52
  97   90   58
  68   62   42
  77   70   50
  99   93   65
  97   89   58
 105   94   59
  90   79   48
 122  112   72
 126  118   78
 114  105   70
 119  108   74
 111   99   69
  96   81   60
  92   76   57
  85   81   61
 124  116   75
 136  125   80
  73   65   43
  68   60   42
 104   96   67
 108   97   64
  91   79   50
 109   96   62
 102   87   56
 119  105   69
 125  112   73
 136  124   82
 118  105   72
 101   87   63
  97   83   59
  71   64   46
 130  122   82
 137  128   87
 112  101   70
  77   68   43
 106   95   64
 119  105   70
  95   83   53
 113  103   68
 121  114   81
  72   64   44
  75   65   46
 120  108   70
 133  120   77
 103   89   63
 107   93   64
  59   52   34
 124  114   78
 131  123   84
 127  117   81
  77   68   43
 105   90   58
 135  115   71
 106   92   60
  78   70   51
  94   89   65
 101   94   74
  69   61   51
  72   64   47
 122  109   75
 113  101   76
 100   88   67
  95   84   58
  93   85   60
 111  104   77
 110  103   73
  71   65   46
 110   96   60
 141  119   65
 115  101   65
  41   38   36
  63   56   46
  97   87   75
  94   83   71
  70   60   56
  91   81   67
 117  106   82
 108   96   82
 121  109   73
 125  117   66
  98   93   71
  81   78   69
  88   82   64
 119  106   68
 110   95   60
  79   71   58
  55   53   54
  89   81   59
  87   79   68
 101   90   77
  99   88   77
  74   65   58
  71   65   54
  94   80   70
 118  105   72
 131  117   64
  62   58   42
  61   61   57
 101   94   73
 104   96   71
  88   84   68
  73   70   57
  62   58   46
  75   69   45
  79   73   56
 104   92   75
 103   90   75
  77   65   53
  38   33   28
 107   89   69
 116  104   75
 136  124   83
 113   98   62
  99   87   59
  54   50   37
  50   47   35
  67   63   46
  75   69   54
 104  100   79
 103  100   82
  72   71   67
  81   77   73
  88   83   80
  63   59   55
  58   52   40
 104   92   67
 110   98   75
 132  120   84
 120  105   73
 131  117   83
 112  100   73
  50   46   30
  78   72   53
 122  113   91
 126  120   96
 113  105   91
  60   58   60
  63   60   60
  66   64   66
  73   68   65
 104   95   68
  94   83   65
  84   78   65
  84   76   63
 111   99   75
 128  116   87
 139  126   97
  75   66   52
  76   70   59
 110  105   94
  97   95   88
  65   63   65
  58   55   52
  63   59   51
  47   41   32
  92   83   59
 123  114   88
  94   87   76
  80   78   64
  72   69   56
  93   85   68
 113  102   78
 112  102   78
  75   70   65
  54   52   54
  75   74   70
  83   81   73
  85   83   81
  85   82   80
 102  100   98
  76   75   71
  54   53   44
  70   68   55
  64   63   57
 105   98   61
  98   90   53
 110  104   70
  80   75   52
 113  101   63
  84   74   55
 100   90   71
 114   95   68
 127  124   95
 102   96   67
  88   81   57
 113  107   80
 120  112   80
  76   69   54
 102   92   64
  95   78   52
  93   88   68
 100   95   67
 145  137   90
 112  104   78
 109  105   86
  63   64   62
 101   93   63
 115  101   68
  99   91   64
  89   81   55
  99   90   56
 102   95   67
  61   58   47
  50   49   44
  79   72   51
 107   98   70
  99   95   76
 100   96   78
  98   90   77
 121  112   75
 102   96   68
  73   65   50
  93   80   57
  65   52   39
  65   69   59
  92   90   71
 113  103   76
  94   88   65
  77   75   62
  67   59   44
 104   90   65
  75   62   52
  69   64   51
  84   78   62
 100   90   67
 123  115   79
 137  128   84
  69   63   43
  66   61   54
  75   69   66
 124  105   71
  92   78   53
  95   84   63
  91   83   63
 138  127   88
 107  100   73
  72   67   54
  58   54   50
 125  105   68
 100   83   49
 107   94   67
  92   86   73
  68   63   48
  80   74   57
 113  104   76
  82   76   62
 144  134   85
  98   89   63
  82   77   57
  85   82   58
 146  138   83
 132  122   71
  80   74   53
  86   75   58
  97   92   61
  88   82   58
  91   86   62
  95   87   55
 127  117   71
 143  134   83
 106   96   66
  91   75   55
 103   96   67
 113  103   67
  86   77   52
 108   96   63
 105   93   62
  98   87   60
 123  111   73
 104   90   63
 100   91   62
 117  110   79
 100   88   56
 119  102   63
  76   70   56
  84   75   63
  91   81   62
 112  100   78
 122  110   68
  78   74   58
  96   89   65
  87   79   58
  64   60   48
 101   91   74
  83   73   64
  74   64   54
 120  108   76
 117  104   71
  71   65   48
  84   79   62
 107  102   84
  68   65   63
  73   68   62
  90   80   60
  81   76   63
 118  107   81
  99   90   71
  80   76   69
  90   88   82
  70   67   66
  72   68   56
  91   86   70
 107  101   69
 105   98   68
  99   91   67
 100   86   62
 101   95   68
 113  105   73
  77   74   62
  92   84   58
  86   83   69
 106   99   73
  82   75   54
  80   68   52
  91   80   58
 106   97   71
 102   94   68
  70   65   56
 116  101   65
  89   82   61
 112  105   69
  90   82   61
  99   93   65
  98   89   59
 121  111   69
 107   94   65
 106   97   67
  96   86   59
  82   74   60
  93   82   67
 106   96   70
  87   81   65
  81   78   72
  77   71   60
 103   98   70
  93   84   62
  99   92   68
  86   78   60
 103   94   63
 104   95   65
  97   89   65
  86   79   64
  97   89   64
  97   88   64
