 148  141   96
 137  130   83
 129  123   74
 132  126   73
 134  128   76
 137  131   82
 153  148  100
 168  169  119
 166  161  110
 154  143   91
 118  103   55
  93   76   38
 109   91   55
 121  106   64
  95   81   46
  82   65   39
  92   76   44
  96   81   46
 100   86   51
 109   95   60
 112   98   62
 110   96   59
 108   93   56
 108   93   57
 108   93   59
 107   92   58
 103   88   53
 108   95   61
 116  103   69
 128  114   80
 129  118   83
 127  122   85
 125  119   82
 117  112   75
 123  117   81
 120  114   78
 123  117   81
 133  125   87
 121  111   71
 101   90   57
  93   82   54
  84   76   50
  79   72   46
  74   67   41
  78   72   43
  96   90   56
 127  118   79
 134  123   78
 130  117   67
 132  119   69
 132  119   69
 124  111   61
 120  105   60
 119  103   64
  99   85   56
  77   66   45
  71   60   41
  76   65   45
  88   79   54
  95   87   61
  96   88   62
  88   79   55
  83   72   54
  75   63   50
 127  120   76
 124  117   70
 126  120   71
 128  122   72
 119  113   63
 109  102   55
 135  128   83
 158  155  108
 171  165  117
 159  150  100
 107   94   48
  68   53   17
 110   95   61
 142  129   89
 115  102   65
  85   71   38
  76   62   28
  82   68   34
  90   76   41
 101   87   52
 102   89   52
  96   84   46
  96   84   46
 104   91   54
 112   99   64
 120  107   72
 119  105   70
 117  106   71
 115  105   69
 108   97   63
 102   93   56
 102   99   56
 114  109   67
 113  108   66
 102   96   59
  90   84   48
 100   94   58
 119  112   74
 122  114   74
 112  103   69
 103   94   64
 104   98   63
 118  112   77
 132  126   92
 136  131   96
 143  139  102
 143  137   97
 135  127   83
 129  119   73
 125  115   69
 123  113   67
 120  111   63
 113  102   62
  99   86   59
  77   64   44
  75   64   44
  85   74   51
  93   82   58
  99   89   60
 103   93   63
 104   93   64
  99   90   61
  91   80   57
  83   71   54
 135  128   84
 134  128   81
 136  130   80
 130  124   74
 119  113   66
 113  106   62
 133  126   84
 147  141   98
 148  141   96
 139  135   86
 118  107   64
  70   57   22
  82   69   36
 125  114   76
 131  122   80
 105   96   52
  78   68   34
  66   52   18
  74   60   25
  88   73   39
  90   78   41
 103   93   54
 112  102   63
 109   99   61
 114  103   68
 120  109   74
 111  100   64
 106   97   62
 109  102   66
 114  106   71
 120  114   74
 133  130   81
 152  149  100
 148  144   95
 134  128   90
 122  116   80
 118  112   77
 120  115   75
 117  113   71
 106  101   66
 102   96   65
 108  102   68
 124  118   84
 128  122   87
 110  107   73
 105  103   70
 102   96   65
 104   97   67
  95   89   58
  87   81   50
  87   81   49
  89   82   53
  85   79   52
  82   75   51
  74   65   45
  83   72   52
  97   88   60
 106   98   66
 114  102   68
 111   98   65
 112   99   66
 110  100   67
 100   92   62
  91   80   57
 138  131   84
 133  127   80
 130  124   75
 125  118   72
 122  113   71
 121  113   71
 120  111   70
 120  108   70
 127  118   75
 140  134   86
 137  129   83
  77   65   31
  52   38   12
  98   85   55
 127  121   78
 121  114   69
  91   83   46
  69   58   23
  78   67   31
 105   93   56
 119  110   70
 123  117   76
 124  118   77
 121  115   75
 114  107   69
 112  106   67
 113  107   68
 112  107   68
 115  111   72
 123  118   80
 126  123   81
 134  131   82
 133  130   84
 124  121   75
 122  116   79
 120  114   79
 121  115   79
 117  112   74
 115  112   73
 107  103   66
 110  105   71
 124  119   85
 119  114   79
  89   82   53
  77   73   50
  75   73   53
  75   70   54
  75   69   54
  62   56   38
  55   49   32
  56   50   33
  51   47   32
  58   53   37
  68   63   42
  75   66   46
  92   80   60
 112  100   71
 122  109   73
 127  113   74
 130  116   78
 130  116   77
 121  109   71
 111  100   66
 103   91   63
 133  126   79
 133  126   79
 130  124   77
 133  125   82
 133  124   84
 124  115   74
 118  109   68
 115  103   65
 117  109   67
 124  118   73
 118  113   69
  73   65   34
  46   33   13
  85   73   47
 121  114   73
 120  113   69
 100   92   53
 109  100   65
 118  109   72
 113  105   65
 108  102   60
 116  111   69
 129  124   82
 129  124   82
 115  110   70
 116  111   71
 116  111   71
 114  110   71
 114  110   71
 112  108   70
 113  109   69
 112  109   66
 108  104   65
 104  101   64
 104   98   65
 102   97   64
  99   94   60
 100   94   62
 105  101   67
 110  105   71
 119  114   81
 127  124   87
 119  115   77
  88   82   54
  75   71   53
  79   76   61
  78   75   63
  51   47   36
  35   32   18
  41   37   24
  41   37   24
  41   39   25
  50   47   31
  64   59   41
  80   71   54
  98   85   64
 116  102   70
 132  117   76
 141  127   80
 148  133   87
 147  132   86
 133  120   74
 118  105   63
 112   99   62
 129  122   77
 134  127   83
 138  131   87
 133  125   82
 133  124   83
 128  119   78
 121  112   72
 117  109   68
 116  110   70
 104  100   61
  84   80   46
  57   50   26
  41   30   11
  76   65   38
 118  110   69
 122  115   70
 109  101   63
 109  102   67
 108  102   64
  99   93   53
  98   93   50
 115  110   67
 126  121   79
 118  113   71
 114  109   69
 115  110   70
 113  107   67
 108  104   67
 103   99   63
 100   97   60
  99   95   60
  97   93   60
  97   92   61
  95   90   62
  95   92   64
  97   94   65
  93   90   62
  97   93   65
 101   96   68
 107  101   74
 111  105   78
 124  119   87
 127  122   88
 104   97   73
  96   91   74
  94   91   74
  69   65   52
  37   33   22
  31   30   21
  36   34   26
  39   37   29
  42   40   28
  52   49   32
  69   64   45
  86   77   60
  98   85   66
 117  104   69
 140  127   79
 152  140   83
 156  144   85
 155  143   84
 151  139   82
 147  134   81
 144  130   83
 126  119   78
 130  124   82
 130  124   83
 129  121   81
 133  124   84
 128  120   79
 120  112   69
 120  114   71
 114  110   72
  92   89   55
  70   67   39
  50   44   26
  37   28   11
  75   66   39
 121  114   73
 109  103   59
  98   91   52
  93   88   51
  97   92   55
 102   97   57
 106  102   60
 113  107   66
 111  105   64
 110  104   63
 112  107   68
 110  105   65
 107  102   63
 101   96   60
  97   93   59
  94   90   55
  95   90   57
  92   87   59
  90   85   59
  93   87   63
  95   91   67
  98   95   70
 102   99   74
  97   93   69
  98   92   68
 102   96   72
  99   93   69
 109  104   75
 115  110   80
  95   89   67
  84   79   62
  79   77   60
  61   57   45
  35   31   23
  25   24   19
  28   27   21
  31   30   25
  41   39   28
  47   44   28
  65   59   41
  88   78   61
 105   91   70
 126  113   73
 151  139   84
 160  150   83
 167  157   90
 168  158   90
 171  159   93
 172  159   97
 158  143   88
 122  116   80
 121  115   79
 123  117   81
 131  123   88
 132  124   88
 128  120   80
 116  109   65
 116  109   68
 108  102   67
  83   79   49
  57   55   31
  39   34   17
  33   25    7
  76   69   40
  99   94   57
  94   89   51
  96   91   49
 100   93   55
 103   95   58
 106   98   61
 106   98   61
 106   98   61
 105   97   61
 108  100   64
 107  101   65
 104   98   63
 106  100   64
 101   95   62
  99   93   61
 101   95   63
 101   95   64
  96   91   62
  94   89   60
  96   91   62
  97   91   66
  98   92   68
  97   91   67
  98   92   68
 100   94   70
 102   97   72
 101   96   71
 103  102   74
 103  101   77
  85   83   62
  79   77   57
  77   74   58
  63   58   49
  35   30   25
  21   18   13
  26   23   18
  31   28   23
  37   33   26
  46   40   28
  63   55   39
  88   77   57
 113   98   69
 136  123   77
 159  145   84
 169  159   90
 177  168   98
 170  161   92
 162  152   80
 157  147   78
 148  135   78
 117  111   77
 120  114   80
 118  113   78
 120  113   79
 120  111   78
 111  103   69
 107   98   65
 100   91   62
  88   82   54
  71   66   40
  48   45   25
  27   22    7
  51   44   23
  83   76   45
  93   87   52
  94   88   51
  97   92   53
 104   97   59
 105   97   60
 107   99   62
 106   98   61
 106   98   61
 105   97   60
 107   99   62
 103   97   61
 105   99   63
 104   98   62
 103   97   63
 105   99   67
 101   95   63
 101   95   64
  94   90   61
  99   94   65
 102   97   68
 100   95   70
 100   94   70
  99   93   69
  99   93   69
 102   96   72
 103   97   73
 101   96   71
 100   99   71
  98   96   72
  87   85   63
  86   83   63
  74   71   55
  52   47   38
  32   27   21
  18   15   10
  25   22   17
  30   27   22
  36   33   25
  46   40   28
  64   56   40
  89   78   57
 114  100   70
 134  121   78
 150  135   81
 154  143   78
 154  143   77
 157  146   80
 152  141   75
 148  137   74
 141  129   72
 114  107   76
 118  112   80
 108  102   71
 101   93   61
  92   83   52
  83   73   46
  72   61   39
  69   57   41
  58   50   32
  52   47   26
  30   27   11
  32   27   15
  72   65   41
  81   75   42
  89   83   52
  95   89   55
  99   94   57
 103   95   58
 104   96   59
 105   97   60
 108  100   63
 106   98   61
 104   96   59
 103   96   59
 106  100   64
 112  106   71
 103   97   60
 101   95   61
 100   95   63
  97   91   59
  94   89   57
  95   91   61
 102   97   68
  99   94   65
 101   95   71
 120  114   90
 120  114   90
 107  101   77
  94   88   64
  95   89   65
  97   92   67
  96   95   68
  94   92   68
  91   89   68
  87   85   65
  64   61   45
  38   33   24
  22   17   11
  19   16   11
  24   21   16
  30   27   22
  41   37   29
  50   44   33
  67   59   43
  88   77   56
 110   97   66
 127  113   74
 137  121   73
 141  130   68
 153  142   79
 152  141   78
 147  136   76
 140  128   71
 138  125   70
  98   91   63
  88   81   53
  82   74   46
  78   70   42
  71   63   37
  68   60   37
  61   52   32
  59   50   31
  59   51   32
  49   41   21
  38   30   17
  59   51   37
  73   66   42
  80   74   42
  84   78   44
  90   82   48
  95   85   51
 103   95   59
 105   97   60
 105   97   60
 106   98   62
 106   98   61
 104   96   59
 103   95   59
 105   99   64
 107  101   67
 102   96   61
  95   88   57
  95   88   59
  94   87   57
  96   89   61
 102   94   70
 103   95   71
  96   89   64
  93   87   60
 115  110   82
 138  134  106
 112  106   81
  87   79   56
  93   85   62
 100   92   69
 104  100   75
 110  105   81
 107  102   78
  81   77   57
  45   42   27
  25   20   13
  14    9    6
  12    8    5
  18   14    9
  30   27   21
  31   24   14
  38   30   17
  60   53   37
  82   73   50
 102   90   59
 118  105   67
 129  115   71
 153  140   84
 173  160   97
 163  151   87
 151  137   79
 141  125   72
 137  120   71
  86   80   51
  83   77   48
  85   79   50
  84   78   49
  81   75   47
  83   77   52
  89   82   59
  87   79   55
  94   87   62
 102   94   70
 109  101   77
 114  106   79
 109  102   70
  92   86   53
  76   70   41
  74   65   36
  91   79   52
 106   97   63
 100   91   56
 103   95   60
 104   96   61
 104   96   61
 108   99   64
 107  100   65
 102   96   62
 100   94   61
  99   93   59
  95   88   58
  94   87   58
  93   86   57
  94   87   59
  99   92   66
  97   89   64
  97   89   64
  96   91   62
  96   91   62
 102   98   68
  95   89   63
  93   85   62
 101   93   70
 105   97   74
  99   93   67
  93   87   61
  75   69   43
  38   32   14
  18   12    2
  11    5    0
  14    6    3
  26   14    7
  46   37   18
  75   67   40
  77   66   36
  74   62   31
  80   69   35
  89   77   43
  98   83   52
 108   92   56
 113   94   55
 132  114   66
 160  144   86
 163  145   88
 152  136   83
 134  118   69
 123  106   62
 113  109   80
 105  102   72
  97   94   65
  94   92   60
  95   93   61
  94   92   63
  97   93   65
 100   93   63
  98   91   62
 102   96   66
 108  102   69
 113  107   72
 104   98   62
  95   89   56
  86   80   50
  75   66   38
  76   65   37
  81   72   41
  82   73   41
  89   80   48
  98   88   57
  97   88   57
 108   99   67
 108   99   68
  98   92   58
 101   95   61
 100   94   60
  99   92   62
  97   89   61
  95   88   59
  95   88   59
  97   90   62
 100   93   64
  98   91   62
  96   88   60
  96   88   60
  94   86   58
  96   88   62
 101   93   70
  95   87   64
  80   72   49
  58   53   24
  53   48   18
  59   54   27
  68   62   37
  79   72   47
  92   86   61
 111  104   78
 128  117   90
 149  140  105
 167  159  114
 175  166  124
 172  163  121
 161  153  106
 149  140   97
 135  125   89
 124  111   76
 128  112   76
 129  116   75
 128  117   65
 125  114   63
 112  100   54
  96   82   41
  97   81   46
 100   99   70
  95   94   63
 100   99   66
 106  105   71
 107  105   73
 104  102   72
 102   99   68
 104  100   63
 110  105   69
 105  100   63
 102   97   62
 103   98   63
 101   96   63
 105   99   66
 105   99   62
  97   89   54
  83   74   39
  74   65   34
  65   56   26
  62   53   24
  77   68   38
  89   81   49
  99   90   59
 102   93   62
  98   91   58
 100   93   59
 100   94   59
 100   92   61
 100   92   63
  98   90   60
  98   90   61
  99   92   63
  99   92   63
  97   90   61
  97   88   60
 100   91   63
  97   87   59
  85   75   50
  69   60   38
  60   51   27
  76   68   43
  84   78   46
 108  102   70
 120  115   82
 124  119   83
 127  121   83
 130  124   85
 129  124   84
 135  131   92
 133  129   89
 128  124   84
 123  119   81
 126  122   84
 134  130   89
 136  134   93
 133  129   90
 133  128   90
 146  139  103
 143  138   98
 138  134   88
 141  137   92
 127  117   76
  99   84   48
  84   70   38
  94   93   63
  99   98   65
 104  104   67
 105  103   67
 102   97   63
 102   98   63
 116  112   76
 149  146  106
 153  150  110
 129  126   86
 118  114   76
 112  109   72
 111  107   70
 119  114   77
 125  117   81
 117  110   73
 104   96   60
  92   84   50
  82   73   41
  68   59   31
  54   45   17
  69   59   31
  88   79   50
  96   86   58
  97   88   58
  98   89   56
 100   92   56
 101   92   59
 101   92   61
 103   93   62
 102   94   63
  99   92   63
 100   93   64
  97   90   61
  97   88   59
  97   88   59
  76   67   37
  63   54   25
  85   76   47
 109  101   69
 116  108   74
 111  105   69
 128  121   85
 127  121   84
 122  116   80
 126  120   84
 127  121   85
 126  120   84
 128  123   85
 131  126   88
 128  123   86
 128  122   85
 122  117   79
 114  109   71
 111  105   69
 109  103   67
 111  105   69
 114  108   72
 113  105   68
 107   99   61
 108  100   63
 144  137   99
 149  142  104
 141  133   98
  99   99   64
  92   92   58
 109  109   76
 135  135   99
 163  162  125
 162  162  125
 165  164  127
 187  183  147
 165  161  124
 144  140  104
 133  129   92
 129  125   88
 141  137  100
 152  148  111
 139  135   98
 126  121   85
 116  111   74
 111  103   67
 114  106   71
 108   99   67
  77   66   41
  55   44   24
  64   53   32
  78   67   45
  88   79   51
  94   85   55
  99   90   57
 101   92   60
 102   93   62
 103   93   62
  99   91   61
  99   92   63
  97   90   61
  93   86   57
  92   83   54
  77   68   39
  70   60   32
 111  104   72
 127  123   85
 114  110   71
 123  119   78
 134  128   91
 134  128   92
 125  119   83
 125  119   83
 128  122   86
 132  126   90
 133  128   91
 135  130   92
 143  138  100
 142  137   99
 137  132   94
 125  120   82
 120  115   77
 121  115   78
 118  112   77
 118  112   76
 118  111   76
 118  110   74
 107   99   64
 114  106   70
 126  121   84
 130  126   90
 133  129   96
 125  125   88
 143  143  108
 182  181  152
 203  202  174
 209  209  180
 208  209  180
 176  176  145
 165  161  127
 165  161  127
 152  149  114
 153  149  112
 157  153  116
 161  157  121
 149  145  108
 133  130   93
 130  127   89
 125  123   85
 129  121   83
 123  115   78
 114  105   71
  97   87   59
  75   64   40
  63   53   28
  59   49   24
  69   59   33
  84   74   47
  95   86   56
 102   93   62
  99   90   59
  96   87   56
  96   88   57
  94   87   58
  90   83   54
  89   82   53
  82   74   45
  80   71   42
 118  109   80
 127  121   90
 100   98   64
 109  106   69
 122  119   80
 122  116   80
 117  111   75
 119  113   78
 118  112   76
 118  112   76
 121  115   79
 129  123   87
 132  127   89
 136  131   93
 133  128   90
 126  121   83
 125  120   82
 123  118   80
 123  118   80
 119  113   78
 119  114   77
 120  114   78
 120  111   78
 116  107   74
 118  109   76
 109   99   66
 101   90   58
  96   85   57
 189  190  159
 201  201  173
 189  189  164
 176  176  151
 177  177  148
 172  168  139
 132  128   97
 152  152  117
 177  177  143
 165  165  131
 158  154  121
 131  127   94
 110  105   73
 119  114   82
 148  143  110
 139  135   98
 124  120   82
 119  118   80
 113  110   75
 105   99   68
  96   87   58
  91   81   52
  88   79   50
  71   61   33
  56   45   22
  62   52   26
  77   68   37
  89   80   50
  92   82   52
  92   83   50
  92   83   50
  89   79   52
  88   79   51
  83   74   46
  75   68   37
 108  102   66
 132  125   93
  99   92   66
  92   86   60
  99   93   64
 106  101   70
 109  104   73
 109  104   73
 112  107   76
 113  107   77
 113  106   76
 118  111   81
 125  119   88
 127  121   88
 122  116   83
 116  110   77
 114  109   73
 120  114   78
 121  115   79
 118  113   77
 122  116   81
 123  118   82
 124  118   82
 120  111   78
 120  111   78
 117  108   75
 118  109   75
 115  105   73
 105   95   65
 187  188  152
 169  170  137
 145  146  115
 121  121   94
 112  111   86
 107  103   75
 116  111   81
 147  146  114
 143  142  111
 134  133  102
 128  126   94
 108  105   74
 120  118   87
 160  157  126
 170  164  134
 128  124   90
 123  119   83
 123  123   88
 126  124   92
 114  108   80
 101   94   66
  95   88   59
  98   90   61
  90   83   55
  66   56   33
  52   41   17
  57   47   21
  67   59   32
  77   69   41
  83   77   45
  85   78   46
  87   79   52
  84   77   49
  76   69   41
  82   75   46
 129  124   89
 116  109   80
  81   74   52
  97   91   67
 107  101   74
 109  103   75
 109  104   75
 111  105   77
 110  105   77
 113  107   79
 114  107   79
 116  109   81
 114  107   79
 115  108   80
 113  107   78
 110  103   74
 112  105   75
 115  108   77
 112  106   75
 113  106   75
 115  108   77
 117  111   80
 119  113   82
 122  115   83
 119  113   81
 117  111   79
 117  109   76
 118  109   78
 110  101   73
 141  142  109
 133  134  103
 108  109   80
  87   86   63
 107  106   84
 124  120   95
 120  115   88
 104  103   73
 102  101   71
 107  106   76
 117  117   87
 133  133  103
 151  152  122
 176  174  145
 153  148  120
 123  119   88
 125  121   88
 124  123   91
 131  128   99
 123  116   91
 106  100   73
  98   94   63
  96   92   62
  86   82   51
  77   66   41
  55   43   22
  46   34   17
  54   47   24
  65   61   34
  73   68   39
  78   74   44
  80   75   46
  82   77   48
  80   75   46
  87   81   53
 126  119   88
 115  107   81
  91   83   65
 106   99   79
 115  109   85
 113  107   81
 111  105   80
 110  104   79
 111  105   80
 110  103   78
 109  101   77
 102   94   69
 103   96   71
 106   98   75
 108  100   77
 108  100   77
 109  101   76
 108  101   75
 108  101   76
 107  100   74
 106   99   74
 108  100   75
 113  105   80
 114  110   80
 114  110   79
 111  107   77
 110  103   73
 113  103   74
 111  101   75
 137  136  110
 107  106   82
  94   93   72
 112  111   91
 127  126  105
 123  121   98
 117  114   88
 113  110   84
 110  106   81
 115  111   85
 144  141  114
 155  152  125
 140  137  110
 150  146  119
 145  139  112
 119  114   86
 111  106   77
 116  113   82
 120  115   86
 117  111   85
 110  105   77
 106  102   71
  98   94   66
  88   83   56
  78   70   46
  62   54   31
  51   42   22
  45   38   18
  53   47   23
  66   61   30
  72   68   35
  66   61   32
  63   58   30
  56   50   24
  57   51   26
  94   87   61
 105   99   71
 103   97   74
 113  106   86
 117  111   89
 117  111   88
 111  104   81
 112  105   82
 112  105   82
 111  103   81
 113  105   83
 108  100   78
 105   97   76
 103   95   76
 106   98   79
 103   95   76
 102   95   74
 105   97   76
 106   98   78
 105   97   77
 106   98   77
 110  102   81
 112  105   84
 110  106   81
 109  106   80
 110  107   81
 110  105   80
 107   99   76
 107   99   77
 156  154  130
 109  107   85
  91   88   68
  95   92   73
  94   93   73
 101  101   78
 107  105   81
 114  108   84
 122  116   92
 124  118   95
 131  125   98
 120  114   86
 115  109   81
 151  146  116
 169  165  131
 159  154  121
 150  145  112
 133  128   95
 120  115   84
 118  112   84
 115  110   82
 110  105   75
  97   91   65
  88   82   59
  78   72   50
  71   65   43
  66   60   37
  54   47   27
  42   33   14
  42   33   13
  39   31    9
  51   45   21
  88   83   55
 115  110   78
 122  117   82
 111  107   74
  96   91   62
 108  102   78
 115  109   86
 113  107   85
 110  104   82
 109  101   78
 113  105   82
 113  105   82
 112  104   83
 114  106   86
 117  109   88
 116  108   87
 112  106   87
 110  104   85
 109  102   83
 108  101   82
 104   97   79
 104   97   78
 105   98   79
 106   99   80
 110  103   84
 112  106   87
 104  101   81
 100   98   77
 102  101   80
 107  102   83
 108  101   83
 103   96   77
 163  161  137
 105  103   81
  89   86   67
  93   89   70
  97   92   73
 101   96   75
 105  100   76
 105   99   74
 106  101   76
 111  105   81
 111  106   77
 129  124   94
 167  162  132
 171  167  133
 149  145  106
 141  138   99
 134  130   92
 124  119   86
 117  112   82
 115  109   81
 110  105   77
 108  103   73
 102   96   70
  93   87   63
  83   75   59
  75   67   51
  71   63   48
  62   53   36
  34   25   10
  28   19    9
  74   65   50
 107  101   76
 124  119   88
 156  153  114
 171  168  127
 127  123   87
 101   95   67
 106   99   76
 112  106   84
 112  106   84
 113  107   85
 117  109   86
 117  109   86
 116  108   85
 118  110   88
 116  108   88
 119  111   90
 121  113   93
 123  116   97
 125  118   99
 120  113   94
 111  104   85
 106   99   80
 108  101   82
 108  101   82
 109  102   83
 109  102   83
 110  103   84
 103  100   82
 102   99   81
  98   95   77
 104   99   80
 109  101   82
 106  100   80
 102  100   76
  79   77   55
  88   86   66
  92   87   68
  97   90   71
 104   98   77
 104   98   74
 104   98   74
 107  101   77
 101   95   71
 113  108   78
 138  133  101
 146  141  110
 128  123   90
 122  117   83
 120  115   81
 118  113   79
 118  113   80
 114  109   78
 110  105   76
 109  104   75
 110  105   75
 108  103   76
 101   95   73
  87   80   68
  77   70   58
  73   66   54
  68   60   48
  57   49   33
  81   73   52
 112  106   78
 116  111   78
 125  120   88
 131  126   96
 115  110   82
 108  103   76
 105  100   71
 105   99   74
 108  102   80
 110  104   81
 112  106   83
 118  110   87
 125  117   94
 130  122   99
 128  121   99
 122  114   93
 119  111   90
 117  110   89
 121  114   95
 120  113   94
 114  107   88
 108  101   83
 107  100   81
 106   99   80
 106   99   80
 109  102   83
 112  105   86
 109  102   83
 105  101   84
 104  101   84
 101   98   82
 104   99   81
 107   99   81
 107  101   82
 111  109   87
  95   93   71
  84   83   60
  86   82   60
 102   95   74
 110  104   82
 109  102   80
 109  102   79
 121  116   91
 149  147  122
 148  144  115
 118  113   83
 117  112   82
 123  118   87
 125  120   88
 122  117   86
 120  115   84
 114  109   77
 114  108   77
 113  108   76
 110  108   75
 104  104   73
  99   97   72
  91   88   68
  82   79   64
  74   71   56
  72   69   54
  67   63   49
  72   67   52
  95   89   67
 125  118   90
 155  148  118
 153  145  118
 118  109   87
 106  101   70
 107  103   73
 104  100   73
 100   95   73
 103   94   74
 105   98   72
 106   99   70
 107   99   76
 113  105   82
 121  112   89
 122  115   93
 127  121   99
 119  113   91
 118  111   90
 120  113   94
 121  114   95
 122  115   96
 123  116   98
 118  111   93
 114  107   89
 113  106   88
 112  105   87
 113  106   88
 111  104   86
 111  108   91
 117  114   97
 109  106   89
 106  100   83
 107  100   82
 104   97   79
 122  119  100
  96   93   74
  83   80   61
  86   81   60
 103   96   74
 104   98   77
 108  101   79
 103   95   72
 147  142  117
 191  189  164
 149  144  117
 121  115   87
 115  110   82
 113  108   79
 112  107   77
 113  108   78
 115  110   80
 116  111   81
 115  110   80
 114  108   78
 109  106   75
 101  100   71
  94   92   69
  84   81   63
  76   73   60
  70   66   54
  63   60   47
  63   57   48
  85   79   58
 138  131   96
 178  170  134
 164  153  124
 119  108   81
 119  107   82
 125  118   91
 114  108   80
 107  101   74
 102   95   70
  99   91   67
 104   96   72
 106   99   74
 104   96   73
 104   96   73
 105   97   74
 112  105   83
 119  113   91
 119  113   91
 121  114   93
 119  112   93
 122  115   96
 126  119  100
 125  119  100
 123  116   98
 125  118  100
 125  118  100
 122  115   96
 118  111   92
 113  107   88
 115  112   94
 119  116   99
 113  110   93
 110  105   87
 112  105   87
 106   99   81
  87   84   67
  87   84   67
  89   86   69
  94   89   69
 101   95   72
 104   98   76
 107  101   78
 112  104   81
 139  134  109
 139  136  111
 128  123   97
 116  110   85
 112  106   81
 110  105   79
 109  103   75
 110  104   76
 112  106   78
 112  106   78
 109  104   76
 107  101   73
 102   98   70
  96   95   69
  88   85   65
  80   76   62
  76   72   62
  64   60   49
  59   55   46
  83   76   62
 131  124   89
 183  175  132
 173  161  128
 125  111   80
 106   92   63
 129  115   88
 126  117   86
 125  118   84
 148  140  101
 143  136  102
 106   99   73
  96   88   65
 104   96   75
 103   95   72
 103   95   71
 105   97   74
 108  101   79
 113  108   86
 117  111   89
 117  111   90
 116  109   90
 113  106   87
 116  109   90
 118  111   93
 122  115   97
 125  117  100
 124  117   98
 125  119   96
 126  120   97
 119  113   91
 115  112   95
 110  108   91
 106  103   86
 105  100   83
 107  100   82
 105   98   80
  88   85   68
  96   92   76
  94   91   74
  98   93   74
 103   95   75
 107  101   81
 115  109   88
 113  109   86
 112  109   85
 111  109   85
 116  110   89
 117  110   90
 114  107   88
 109  103   81
 104  101   77
 106  102   79
 107  104   80
 107  101   76
 103   97   71
  98   91   65
  96   92   67
  90   88   65
  83   80   61
  80   77   60
  76   73   59
  66   60   55
  78   71   58
 116  108   75
 159  151  106
 169  161  115
 145  136   94
 117  107   70
 115  103   74
 134  122   93
 138  128   91
 152  143   95
 161  151   96
 146  137   88
 132  125   83
 104   96   65
  94   85   69
  99   90   72
 100   92   70
 101   93   68
 106   99   75
 111  104   83
 116  108   87
 116  108   88
 119  111   92
 122  115   94
 124  117   95
 122  115   93
 123  116   94
 127  121   99
 127  121   97
 129  122   95
 130  123   99
 126  118   97
 123  117   99
 121  116   97
 117  111   93
 114  108   87
 110  103   82
 105   98   79
  99   96   79
  98   95   77
  96   93   76
 103   97   79
 106   99   80
 107   99   81
 107  101   82
 104  102   79
 105  104   81
 109  107   84
 111  105   86
 110  103   85
 110  103   84
 109  104   84
 105  104   80
 104  102   79
 103  101   78
 102   98   73
  98   94   68
  95   91   65
  88   85   62
  82   80   60
  82   79   61
  79   76   60
  68   62   55
  73   65   56
 130  124   92
 167  160  111
 166  158  109
 157  149  101
 141  134   86
 120  111   72
 120  110   78
 135  125   90
 148  137   94
 149  140   87
 155  147   90
 204  197  146
 201  197  148
 142  136   98
  98   88   68
  88   80   61
  95   87   66
  98   90   66
 103   95   72
 109  101   80
 114  106   85
 115  107   86
 120  112   92
 131  123  100
 136  129  102
 136  130  104
 131  125   99
 129  123   97
 129  123   96
 130  122   95
 125  117   94
 122  114   94
 121  114   93
 123  116   95
 121  114   93
 123  117   94
 124  117   95
 117  110   91
  83   81   60
  91   89   67
  92   90   68
  94   89   69
  96   89   71
 100   93   75
 101   94   75
 100   98   75
 103  101   79
 105  103   80
 107  101   81
 114  106   88
 115  108   89
 111  105   85
 107  105   82
 106  104   81
 104  102   78
 100   99   75
  99   97   75
  95   93   71
  87   85   64
  85   82   64
  75   72   57
  64   60   49
  69   61   51
 119  112   82
 173  167  111
 181  176  114
 176  170  113
 162  155  102
 137  129   81
 126  117   76
 139  130   92
 158  150  104
 139  129   76
 147  140   84
 223  220  169
 255  255  216
 232  233  188
 179  175  132
 135  125   94
 109  101   77
  97   89   67
  96   88   68
 103   95   75
 107   99   78
 110  102   81
 112  104   83
 116  108   85
 122  115   88
 133  126   97
 138  132  103
 133  128   98
 127  122   93
 129  123   94
 128  121   93
 124  116   93
 123  115   95
 123  117   92
 122  116   91
 116  111   86
 115  109   85
 113  107   85
 112  104   86
  72   69   47
  79   76   55
  82   78   59
  81   75   56
  83   76   56
  89   83   62
  95   90   68
  99   97   73
 106  104   81
 107  105   81
 108  104   83
 119  113   93
 118  113   93
 113  109   88
 110  108   85
 108  106   84
 105  103   82
  96   95   78
  92   91   71
  86   85   65
  78   76   58
  70   66   52
  57   51   42
  66   60   47
 120  112   78
 173  167  112
 191  186  114
 177  172  102
 158  151   90
 148  140   87
 138  129   81
 141  132   88
 170  160  117
 162  153  100
 154  143   87
 219  215  157
 247  246  196
 241  244  200
 230  233  185
 199  197  149
 160  153  113
 118  109   84
  92   82   62
  92   84   66
 102   95   75
 105   98   76
 108  101   78
 108  101   77
 111  104   77
 117  110   82
 119  112   83
 122  116   86
 124  119   89
 123  118   88
 122  117   88
 123  116   88
 124  117   92
 121  114   91
 122  116   91
 118  112   87
 114  108   83
 114  108   83
 114  108   86
 109  102   83
  91   83   58
  73   65   45
  55   46   33
  58   50   34
  64   57   37
  72   67   46
  78   76   53
  87   84   60
  95   92   69
  94   91   67
  96   94   72
 102  100   78
 101   99   77
  94   92   70
  90   88   66
  83   81   62
  79   76   60
  73   71   59
  69   68   49
  64   63   47
  53   49   35
  56   48   34
  83   74   56
 133  124   90
 168  158  106
 179  172  103
 183  177  101
 190  183  111
 180  172  108
 149  139   88
 147  136   90
 172  161  115
 150  139   93
 132  123   64
 191  181  121
 236  234  174
 216  215  157
 200  196  137
 179  175  115
 189  185  130
 175  171  118
 111  101   62
  79   69   46
  87   79   63
  96   89   69
  96   89   66
 102   95   68
 106  100   71
 108  101   73
 111  104   76
 117  110   82
 125  120   91
 123  119   89
 118  113   84
 118  113   84
 118  113   84
 118  113   83
 120  116   86
 118  112   87
 112  106   83
 110  104   80
 112  106   83
 113  107   85
 113  107   84
 119  111   75
 103   94   63
  96   86   61
  97   87   64
  86   76   55
  74   67   47
  65   59   41
  65   59   39
  63   57   38
  67   60   41
  68   64   45
  65   62   43
  62   59   40
  57   54   35
  47   44   25
  47   44   28
  47   44   30
  50   49   32
  47   45   30
  36   34   22
  49   43   23
  91   82   47
 141  132   84
 161  151   95
 152  141   84
 159  150   80
 177  169   96
 188  181  108
 178  170  104
 150  141   87
 161  151  102
 164  154  105
 136  126   77
 146  138   77
 198  193  125
 204  205  137
 159  157   93
 121  112   50
 115  105   41
 176  167  103
 207  198  132
 171  166  100
 106   98   59
  64   56   39
  68   58   42
  80   69   50
  90   79   57
 101   92   66
 104   98   69
 106   99   71
 110  103   74
 112  107   78
 117  112   82
 115  110   81
 118  113   84
 121  116   87
 117  111   83
 115  110   81
 113  107   82
 109  103   79
 111  105   81
 113  107   84
 114  108   86
 115  109   87
 148  140   95
 141  132   92
 138  127   93
 149  138  103
 126  116   81
  98   91   62
  73   66   43
  61   52   35
  56   47   30
  58   49   32
  49   45   28
  45   42   25
  45   42   25
  47   44   27
  44   41   24
  40   36   23
  26   22   10
  19   16    8
  24   21   13
  50   50   30
  95   90   53
 135  123   71
 148  136   76
 143  129   73
 146  133   71
 169  158   86
 182  170   99
 170  162   88
 152  146   75
 148  139   82
 152  143   91
 149  139   88
 146  136   83
 167  158   95
 202  200  133
 198  200  135
 153  148   87
 117  107   49
 115  108   46
 151  144   78
 180  175  105
 156  151   83
  84   76   35
  55   47   28
  51   40   25
  53   40   24
  56   43   25
  69   58   36
  83   76   48
  92   85   57
  98   91   63
 106  100   72
 113  108   79
 113  108   79
 118  113   84
 119  114   85
 116  111   82
 114  109   80
 109  103   78
 113  106   83
 116  109   86
 114  108   85
 113  107   85
 112  106   84
 151  142   98
 140  132   87
 132  123   78
 119  112   71
  95   88   54
  80   72   46
  73   65   44
  61   54   36
  62   55   37
  68   61   43
  69   62   44
  70   64   46
  65   59   41
  62   57   38
  61   58   40
  56   52   36
  43   39   26
  32   28   21
  44   40   30
  72   72   45
 109  105   61
 137  128   70
 139  130   66
 143  130   74
 154  143   80
 177  168   95
 196  187  117
 172  165   96
 146  139   73
 146  136   81
 149  140   88
 147  141   85
 148  143   85
 180  175  113
 184  180  118
 160  156   95
 158  153   96
 160  153   97
 111  105   48
 104   98   40
 139  134   74
 115  110   54
  82   74   34
  92   82   60
  88   77   55
  78   67   41
  75   64   39
  78   68   42
  77   68   41
  75   65   38
  69   60   33
  81   74   48
  97   91   63
 105   98   66
 108  104   70
 105  103   72
 106  104   74
 105  103   75
 106  103   77
 106  103   77
 107  103   78
 105  101   75
 106  102   75
 108  104   80
 127  119   74
 117  109   70
 100   90   58
  73   65   39
  64   58   36
  66   59   41
  69   61   45
  70   63   45
  74   67   49
  78   71   53
  78   71   52
  78   70   52
  76   69   51
  73   67   48
  67   65   45
  68   66   49
  67   64   50
  59   55   44
  54   50   37
  60   58   33
  91   88   47
 117  111   59
 141  133   74
 161  152   92
 156  146   86
 171  162   93
 201  192  124
 187  179  115
 146  137   77
 127  117   66
 130  120   73
 133  128   77
 150  144   91
 152  148   92
 108  102   51
 104   98   50
 150  143   98
 155  147  103
 101   92   49
  76   67   24
  83   74   32
  90   82   44
 101   92   58
 101   91   63
 101   92   65
 108  101   73
 106   99   71
 108  100   72
 101   91   64
  98   88   61
  86   76   49
  68   60   33
  65   58   30
  77   69   40
  90   86   56
  94   94   65
  95   94   68
  96   94   71
  98   97   71
  98   97   70
  95   95   68
  95   94   69
  93   91   69
  93   91   71
 102   95   64
  84   77   50
  69   61   38
  69   64   43
  73   70   49
  76   73   52
  79   75   55
  80   73   55
  81   74   56
  82   75   57
  80   73   55
  81   74   57
  80   73   55
  79   74   55
  71   69   49
  71   68   51
  70   67   53
  69   66   51
  67   64   51
  63   61   39
  60   58   27
  66   58   29
 100   92   52
 151  142   87
 161  151   91
 166  158   91
 180  171  106
 172  163  104
 134  125   71
 110   99   54
 111  101   61
 122  115   74
 148  141   97
 140  134   87
 126  119   74
 117  110   69
 124  116   78
 122  113   78
 104   93   61
  91   80   47
  95   84   51
  96   87   55
  97   87   60
  98   87   64
  94   88   61
  98   94   64
 101   97   68
 105  100   71
 112  102   75
 113  102   76
 120  109   83
 106   97   70
  75   68   41
  53   44   21
  55   50   27
  69   68   45
  79   76   57
  84   81   64
  86   86   70
  91   91   75
  87   87   71
  84   84   68
  79   79   64
  82   81   69
  72   65   47
  70   64   44
  77   71   49
  83   78   56
  86   82   59
  86   83   59
  86   82   59
  87   79   61
  86   78   60
  86   78   60
  85   78   59
  86   79   60
  83   75   56
  80   74   55
  77   74   56
  76   73   56
  74   71   55
  71   66   49
  68   64   47
  69   65   43
  77   72   47
  69   62   42
  66   58   32
 100   92   55
 126  116   67
 144  130   72
 139  126   65
 134  124   65
 131  121   68
 120  107   65
 118  106   69
 124  115   76
 143  133   92
 150  142   97
 125  118   76
 111  103   64
 120  113   74
 122  113   78
 109   99   67
 100   92   61
  88   80   51
  89   81   53
  95   86   63
  98   88   70
  92   85   62
  92   86   59
  94   88   62
 101   94   67
 107   98   70
 109  100   72
 118  109   81
 122  115   84
 106  100   73
  73   65   46
  41   34   18
  36   31   14
  48   44   29
  58   56   42
  62   61   54
  65   65   59
  68   67   63
  69   69   64
  66   66   60
  69   70   63
  75   68   49
  81   74   55
  87   80   62
  89   82   61
  90   84   61
  93   86   64
  91   85   63
  89   81   61
  90   82   62
  91   83   63
  93   84   63
  91   83   61
  90   81   59
  86   79   58
  84   80   62
  85   81   62
  78   74   55
  76   69   52
  70   62   43
  83   77   54
 127  121   96
 118  113   87
  62   56   31
  44   39   14
  91   82   47
 119  100   53
 125  106   52
 127  114   58
 122  111   58
 116  102   60
 110   96   59
 111   99   62
 120  107   69
 110   97   59
  94   85   48
 102   94   57
 102   94   57
  98   90   53
  98   90   57
  90   85   57
  79   75   51
  87   79   59
  96   88   67
  93   85   63
  94   86   64
  91   83   60
  90   82   60
  98   89   65
 100   93   64
 104   97   68
 106   99   70
 113  108   74
 119  114   84
 101   94   75
  71   63   50
  43   35   26
  27   22   14
  34   31   24
  40   39   32
  38   37   33
  42   41   39
  45   44   45
  49   49   49
  48   49   46
  84   77   58
  84   77   58
  91   84   65
  92   86   63
  92   86   59
  92   86   61
  91   85   60
  91   83   60
  94   86   63
  97   89   66
  99   92   67
  99   92   66
  96   88   63
  93   86   61
  92   86   62
  91   85   61
  83   77   54
  78   72   50
  69   62   42
  69   62   44
  82   76   55
  98   92   70
  74   68   46
  35   30    7
  56   48   17
  93   77   34
 109   93   43
 113   99   50
 109   93   47
 102   85   44
  99   83   45
  97   82   45
  87   72   39
  79   63   34
  99   90   55
 124  116   79
 118  110   73
 113  105   68
 100   93   60
  85   80   51
  87   82   58
  91   83   62
  93   85   64
  95   87   66
  94   86   64
  90   82   59
  90   82   59
  94   86   62
  96   89   62
  98   91   64
 100   93   67
 100   95   65
 105   99   72
 109  103   81
  96   89   72
  76   69   59
  50   44   40
  29   25   25
  23   22   18
  29   28   26
  28   27   28
  29   28   31
  31   31   34
  31   31   30
  87   80   61
  90   83   64
  93   85   67
  97   91   66
  98   92   63
  94   88   59
  94   87   60
  96   89   63
 100   93   67
 103   95   69
 106   98   71
 104   97   69
 104   97   69
 102   95   66
  96   89   61
  94   86   58
  90   83   55
  81   75   50
  72   66   45
  64   56   39
  50   44   26
  64   57   37
  78   71   52
  59   52   33
  71   64   37
 100   86   47
 102   89   44
  99   83   40
  91   73   32
  91   72   33
  85   68   26
  89   73   28
  87   70   32
  79   62   29
 105   94   59
 128  120   83
 128  120   83
 115  106   69
  96   88   55
 102   97   68
  97   92   68
  91   83   62
  95   87   65
  97   90   68
  95   88   65
  91   83   60
  90   82   59
  92   85   62
  94   86   63
  92   84   61
  94   86   63
  95   88   63
  96   90   65
 101   94   71
 103   97   73
  97   91   72
  83   78   68
  51   47   45
  25   24   23
  21   19   20
  24   22   26
  22   20   26
  19   17   23
  18   18   20
  92   84   61
  93   85   62
  96   88   65
 101   93   66
 104   95   66
 105   96   67
 104   96   67
 100   94   66
 105   96   69
 113  101   75
 111  101   73
 103   94   65
 104   95   66
 104   95   66
 102   93   64
 100   91   62
  95   86   57
  84   78   54
  73   67   46
  66   59   41
  60   53   35
  79   72   54
  80   73   55
  50   42   24
  91   79   55
 110   99   63
  94   85   46
  77   64   27
  57   40    9
  56   37    4
  83   66   21
  99   85   42
  79   65   23
  70   55   18
  74   58   25
  81   67   33
  85   73   39
  63   51   20
  65   56   23
 112  107   76
 103   99   77
  92   84   63
  97   89   65
  98   91   63
  96   90   63
  91   85   61
  90   83   62
  92   85   66
  93   86   67
  89   82   63
  88   81   61
  91   83   64
  93   85   66
  95   87   68
  98   91   70
  99   92   71
  93   85   72
  74   65   58
  45   45   40
  26   26   26
  16   16   22
  18   16   24
  19   16   23
  18   16   21
  97   90   64
  98   91   64
 101   94   67
 105   97   69
 108   99   70
 108   99   70
 110  102   73
 106  100   72
 108   98   71
 115  103   77
 113  104   75
 106   97   68
 104   95   66
 103   94   65
 106   97   68
 102   93   64
  94   85   56
  82   76   52
  72   66   45
  65   58   40
  65   58   40
  91   84   66
  89   82   64
  48   40   22
  88   78   52
 112  104   68
  83   75   40
  57   44   19
  56   42   12
 110   95   49
 157  145   87
 113  105   57
  62   50   16
  60   48   20
  57   45   15
  53   41   15
  53   44   21
  37   29   11
  43   36   15
  93   89   62
  97   91   70
  97   89   68
 102   94   70
 101   94   66
 105   98   72
  98   92   68
  90   84   62
  87   80   62
  93   86   67
  90   83   64
  87   80   61
  90   82   63
  89   81   62
  89   81   62
  93   86   66
  99   92   72
  98   90   74
  87   80   66
  67   68   49
  51   51   42
  30   27   33
  18   15   25
  16   13   20
  17   15   20
 104   98   69
 103   96   67
 103   97   68
 113  105   76
 114  105   76
 112  102   73
 110  102   73
 107  102   73
 108   99   72
 111   99   73
 111  101   73
 110  101   72
 110  101   73
 105   96   67
 104   95   66
 100   91   62
  96   87   58
  81   75   50
  71   65   44
  69   62   43
  70   63   45
  89   81   63
  62   55   37
  58   51   32
 118  112   83
 112  107   72
  67   61   33
  64   54   31
 151  140  102
 198  187  131
 136  126   74
  66   60   30
  59   50   35
  80   73   50
  84   76   49
  54   47   28
  23   18    8
   6    4    1
  25   22   14
  72   68   47
 101   94   74
 109  101   81
 108  100   77
 110  103   76
 114  107   80
 109  103   78
  95   88   67
 105   98   79
 107  100   81
  89   82   63
  91   85   66
  98   90   71
  94   86   67
  86   78   59
  90   82   63
  97   90   71
 102   95   75
  92   86   64
  76   74   53
  71   69   54
  50   45   39
  21   18   22
  14   11   19
  13   11   16
 111  103   74
 109  101   72
 111  103   74
 116  107   78
 114  105   76
 111  101   72
 107   98   70
 105   97   70
 109  100   72
 114  104   75
 116  107   77
 119  111   78
 118  109   77
 107   98   70
 103   95   66
 103   96   68
  96   87   62
  82   75   52
  77   70   51
  71   64   47
  69   63   45
  81   77   61
  46   41   27
  70   66   46
 110  105   78
  93   87   58
  68   61   33
  93   83   53
 150  140   98
 154  144   94
 102   93   51
  56   53   34
  54   48   38
  65   60   44
  79   76   58
  68   65   51
  35   32   21
   6    4    2
  15   12    9
  57   52   36
  87   80   59
 111  103   81
 121  114   85
 127  120   90
 123  116   88
 110  104   78
 102   95   73
 116  108   89
 110  102   84
  91   83   65
  93   85   66
 102   94   75
 102   94   75
  87   78   59
  91   83   65
  93   85   67
 100   92   73
 105   97   78
  88   82   66
  78   74   60
  62   60   46
  32   28   24
  11    6   10
  11    8    9
 115  106   77
 113  104   75
 114  105   76
 111  102   73
 109  100   71
 108   99   69
 108   99   70
 109   99   73
 112  103   74
 115  107   76
 121  112   81
 128  120   84
 125  116   80
 112  104   74
 109  103   74
 106   99   73
  92   85   62
  82   75   55
  79   72   54
  68   60   45
  77   72   56
  87   84   71
  46   42   33
  77   74   56
  91   87   61
  86   79   53
  97   88   59
 140  133  101
 196  192  152
 204  200  157
 140  137  101
  71   69   48
  58   55   42
  59   55   43
  58   56   44
  62   60   48
  65   63   49
  35   32   23
  16   12    7
  51   45   32
  83   76   57
 109  101   78
 127  121   87
 130  124   92
 124  116   88
 112  105   78
 105   97   74
 102   94   73
 101   92   72
  97   88   68
  90   82   62
  95   87   68
  94   86   68
  91   83   64
  94   86   67
  93   84   67
  93   85   67
 104   95   78
  96   89   72
  85   79   64
  76   74   60
  53   48   39
  18   12    9
   8    4    3
 118  109   80
 114  105   76
 107   98   69
 106   97   68
 107   98   69
 109  100   71
 110  101   73
 112  102   76
 113  104   75
 119  110   80
 128  119   86
 135  127   87
 132  124   85
 119  111   79
 110  103   76
 102   95   68
  93   85   61
  82   75   57
  74   66   51
  66   58   46
  78   72   59
  64   61   50
  44   39   32
  85   82   66
  92   88   62
  88   82   54
 103   94   66
 162  157  127
 199  198  162
 149  146  113
  88   86   60
  72   70   51
  68   64   55
  69   65   56
  65   63   50
  59   57   44
  67   66   52
  60   58   48
  32   29   19
  48   42   30
  81   73   58
 110  102   79
 132  126   93
 134  128   96
 120  113   85
 107  100   73
  99   91   69
  98   91   70
  94   86   63
  90   82   60
  93   86   62
  94   86   66
  90   82   63
  90   82   64
 106   98   79
  99   91   70
  92   84   63
  97   89   69
  99   90   71
  88   80   62
  86   80   65
  85   80   67
  39   34   26
   6    2    1
 117  109   80
 110  101   72
 105   97   68
 104   95   67
 106   96   68
 110  101   72
 113  104   75
 118  108   82
 121  112   83
 125  116   85
 129  120   87
 134  127   86
 133  125   85
 120  112   78
 110  103   73
 101   94   67
  92   85   63
  86   79   64
  71   63   51
  67   58   48
  74   67   57
  43   40   33
  62   58   51
  96   92   78
  95   90   65
  89   83   56
  99   91   62
 142  135  108
 167  161  133
 130  123   99
  80   73   55
  65   61   45
  77   71   63
  81   76   68
  74   71   58
  68   65   52
  73   70   57
  72   69   57
  49   46   33
  46   40   28
  79   70   59
 104   97   73
 127  121   87
 126  120   87
 110  104   75
 106   99   73
 104   95   73
 100   91   66
  99   92   62
 100   93   65
 103   95   71
  92   84   64
  87   80   59
 110  102   81
 122  114   91
 104   97   72
  97   89   65
  95   87   64
 100   89   69
  94   86   67
  86   79   62
  92   87   70
  69   66   53
  23   20   16
 107  100   71
 109  102   73
 108  102   72
 105   96   72
 107   96   73
 112  103   76
 117  108   79
 122  112   85
 122  114   83
 124  115   82
 131  122   88
 135  128   88
 129  122   81
 116  107   73
 110  101   71
 104   96   75
  94   88   74
  74   69   58
  56   51   41
  95   89   78
  71   68   61
  38   37   31
  84   81   69
 100   94   79
  95   87   65
  97   89   65
 116  109   81
 159  153  130
 170  165  144
 138  133  111
  99   92   71
  93   84   68
  91   82   68
  83   73   62
  81   72   61
  75   67   56
  69   60   50
  67   59   47
  64   56   43
  55   47   34
  68   60   47
  95   87   64
 114  109   73
 121  116   79
 112  106   74
 109  100   73
 118  107   72
 133  123   73
 141  132   78
 143  134   83
 118  106   71
  90   79   56
  96   88   62
 120  111   84
 108  101   71
 101   95   63
 101   94   65
 100   93   66
 103   95   70
 103   97   74
  86   82   61
  75   74   55
  91   89   75
  67   65   57
 108  101   72
 108  101   73
 110  102   73
 108  101   75
 108  101   77
 110  104   76
 119  112   83
 125  116   85
 125  116   83
 132  124   88
 134  126   89
 127  120   78
 123  115   76
 115  106   79
 106   98   79
  98   92   77
  82   78   66
  56   54   42
  90   88   76
 101   99   86
  30   28   20
  57   56   47
 100   97   83
  99   94   76
  93   85   65
 103   95   74
 133  125  100
 146  139  116
 127  120   99
 119  112   90
 139  132  110
 158  150  128
 110  102   83
  77   68   51
  80   72   60
  70   62   51
  84   76   65
 108  100   88
  73   65   52
  57   49   36
  68   60   47
  81   73   53
 102   95   69
 117  111   80
 113  107   74
 126  119   77
 166  159   97
 185  178  104
 184  174  102
 175  165   93
 159  147   85
 136  126   82
 116  106   69
 111  100   69
 113  103   72
 108  102   68
 106   99   69
 105   98   70
 104   97   69
 105  100   74
 104  102   77
  82   80   61
  89   87   73
  89   87   75
 107  100   71
 106   99   70
 109  102   73
 110  104   78
 110  106   80
 113  110   80
 126  122   91
 134  125   92
 138  130   94
 138  130   91
 128  119   86
 123  115   82
 119  109   83
 108   97   84
  98   91   82
  86   81   73
  57   55   47
  77   77   65
 115  114  102
  45   45   32
  31   31   20
  84   83   72
 100   97   80
  92   87   68
  94   85   69
 114  106   87
 121  113   91
 100   90   69
  96   85   65
  99   89   69
 127  117   95
 150  143  115
 125  117   92
 103   95   73
  92   84   71
  74   66   55
  86   78   68
  93   85   73
  72   64   51
  77   69   56
  73   65   51
  74   66   48
  88   79   64
 103   96   71
 123  118   80
 177  172  117
 222  217  145
 223  217  143
 207  202  129
 202  198  121
 201  195  126
 191  184  114
 162  154   92
 134  123   75
 117  107   68
 112  107   71
 108  102   68
 104   97   66
 103   96   67
 100   95   67
  97   96   67
  94   92   73
  80   78   64
  77   75   59
 107   99   71
 105   98   69
 108  101   73
 111  105   77
 113  108   79
 117  112   83
 121  116   85
 126  121   84
 131  126   90
 128  122   88
 119  114   82
 116  112   85
 108  101   85
  99   92   84
  79   74   70
  58   53   49
  79   75   70
 107  107   97
  53   52   42
  29   25   19
  83   78   66
 107  101   83
  98   92   74
  92   85   67
  91   82   65
 113  104   87
 114  106   88
  94   87   68
  94   86   67
  94   84   64
  99   90   66
 127  123   92
 135  130  102
 140  135  109
 121  113   95
  82   73   59
  88   79   67
 108   99   85
 116  108   90
  92   83   70
  71   61   50
  70   59   47
  85   73   62
  98   88   66
 128  120   83
 188  182  121
 219  213  139
 222  213  147
 224  219  151
 222  216  148
 206  200  133
 192  188  117
 179  175  104
 150  144   85
 116  110   65
 104  100   63
  99   95   61
 100   94   65
 111  103   72
 112  107   71
 106  103   69
 102   97   78
  87   81   68
  82   79   65
 105   99   74
 107  101   76
 110  103   79
 109  104   78
 111  107   81
 114  110   84
 112  108   81
 115  112   81
 116  113   85
 115  111   86
 111  109   85
 104  102   83
  97   94   81
  84   81   74
  52   49   45
  87   85   80
 107  105   99
  37   37   28
  28   25   16
  81   76   68
 113  106   92
 108  101   82
  98   91   73
  91   84   66
  89   80   63
  98   89   72
  98   89   72
  94   87   72
  94   87   73
  86   76   60
  87   77   56
 121  117   87
 164  158  132
 170  164  140
 111  103   84
  82   73   57
  89   79   67
 122  113   99
 120  111   94
  88   78   64
  72   62   49
  65   53   40
  76   64   52
  91   80   60
 106   97   67
 149  141   88
 189  182  105
 207  199  119
 222  215  138
 221  214  137
 211  204  126
 203  197  126
 189  184  113
 162  155   93
 118  111   66
  97   91   55
 110  104   68
 111  104   70
 102   93   61
 117  110   76
 111  106   76
  97   91   69
  86   79   63
  73   70   56
 103   99   79
 107  102   82
 106  101   81
 106  103   82
 107  105   84
 108  107   86
 111  109   88
 107  105   85
 107  105   87
 108  105   90
 102  101   89
  87   86   76
  60   58   52
  47   46   41
  99   99   93
 108  109  102
  31   31   25
  26   25   19
  90   88   77
 117  113   98
 110  104   86
 102   95   77
  97   90   72
  90   82   65
  90   81   64
  92   83   66
  95   85   69
  84   77   60
  76   69   51
  74   64   45
  89   78   56
 121  113   88
 135  125  104
 106   97   78
  78   69   51
  81   72   56
  77   67   54
  82   72   61
  85   76   64
  90   81   66
  80   71   53
  61   50   31
  65   53   41
  80   68   52
  93   82   59
 113  103   64
 161  152   88
 189  181  101
 209  200  118
 213  204  124
 204  196  115
 198  190  115
 184  176  104
 149  140   76
 102   92   41
 119  112   63
 176  170  118
 173  167  112
 120  110   63
  97   86   52
 101   93   63
 105   99   70
 100   95   73
  74   71   55
  98   96   80
  94   92   76
  94   93   77
  96   96   79
 102  102   86
 101  101   85
  97   97   81
  96   96   83
  94   93   82
  94   93   84
  75   75   71
  44   46   42
  51   52   47
 106  107  101
  87   88   83
  30   31   28
  46   47   41
  94   93   85
 114  112   99
 106  103   84
 104   98   79
 101   94   76
  97   90   72
  92   85   67
  92   83   66
  93   85   67
  92   83   66
 119  113   90
 156  151  124
 165  159  130
 172  164  135
 163  152  129
 111  100   79
  79   68   49
  80   69   54
  80   69   56
  78   67   57
  80   69   60
  80   70   58
  90   80   64
  87   78   58
  63   53   33
  54   43   29
  73   63   48
  85   75   55
  96   83   57
 121  110   67
 160  151   89
 189  179  106
 209  200  121
 198  188  110
 187  178  105
 187  178  107
 178  168  105
 154  146   88
 150  145   83
 186  180  116
 197  189  123
 160  151   92
 128  118   75
 120  112   73
 114  108   71
 101   97   71
  73   70   55
  89   90   77
  85   86   73
  84   85   72
  85   87   74
  87   89   78
  85   88   76
  80   82   71
  76   77   70
  62   63   58
  49   49   48
  46   47   49
  81   83   84
 103  105  103
  61   63   58
  29   29   27
  66   66   63
 104  106   91
 105  107   91
 101  100   83
 102   99   80
 102   96   77
 101   94   76
  96   89   71
  91   84   66
  85   76   59
  92   83   66
  89   80   63
 139  132  110
 203  197  171
 206  202  172
 192  186  156
 178  168  141
 147  138  114
 106   96   76
  80   68   54
  80   68   58
  82   69   62
  80   66   59
  83   71   59
  89   76   63
  90   79   62
  68   61   40
  49   42   24
  61   55   39
  76   65   50
  88   74   60
  97   86   59
 116  108   68
 148  141   92
 175  169  100
 181  174   97
 186  177  104
 194  187  116
 213  208  140
 220  217  149
 198  193  128
 173  165  100
 175  164  101
 169  160  100
 155  148   94
 143  137   90
 112  108   68
  80   75   51
  70   66   55
  80   80   69
  77   77   66
  78   78   67
  73   74   64
  70   72   63
  64   66   57
  59   60   52
  46   46   43
  49   49   47
  71   71   72
  80   79   83
  63   62   65
  31   31   30
  49   48   46
  89   87   78
 110  111   90
 112  114   85
 107  109   86
 104  104   83
 103  100   81
 102   96   77
  99   91   74
  97   90   73
  95   88   70
  89   80   63
  95   86   69
  91   82   65
 109  102   82
 170  164  141
 187  182  156
 169  164  135
 148  142  114
 152  145  121
 137  130  109
  98   86   70
  80   68   55
  82   70   60
  81   69   60
  83   72   59
  88   76   61
  86   75   57
  69   63   42
  52   45   27
  58   51   35
  69   58   47
  78   66   60
  90   80   66
  90   81   56
  92   84   56
 118  110   65
 153  145   82
 177  167   98
 189  181  111
 204  199  126
 224  221  149
 215  209  143
 194  187  120
 181  171  106
 171  162  104
 165  158   99
 137  131   82
  96   90   60
  72   66   51
  68   64   57
  57   57   48
  55   55   47
  58   58   50
  61   62   55
  63   64   58
  59   60   54
  70   71   64
  94   96   87
  83   84   77
  53   54   50
  46   44   41
  58   56   50
  81   80   72
 103  101   89
 123  121   97
 123  123   91
 115  115   88
 105  108   81
 105  106   81
 102   99   80
 102   95   78
 101   94   75
 109  103   84
  98   91   73
  86   77   60
  95   86   69
  99   90   73
  89   81   63
 120  114   93
 166  160  137
 173  168  142
 176  172  143
 183  179  153
 169  164  142
 133  123  104
  92   80   65
  80   68   56
  83   71   60
  83   71   59
  86   74   60
  83   71   55
  70   64   43
  61   55   36
  61   54   38
  58   50   37
  67   57   49
  80   71   60
  86   80   58
  83   76   55
  88   79   56
 119  110   71
 156  145   90
 171  161  102
 190  184  119
 215  211  147
 221  214  158
 179  170  113
 143  132   77
 145  133   86
 152  145   90
 117  110   70
  74   67   47
  68   61   53
  70   65   61
 103  103   91
  95   95   84
  99   99   89
 102  102   94
  77   77   69
  64   64   56
  71   71   63
  67   67   61
  52   51   45
  69   69   63
  94   92   86
  98   95   86
  92   91   76
 104  103   82
 114  112   86
 111  109   83
 103  101   76
 106  104   80
 107  105   82
 104  102   79
  99   95   73
 101   94   73
 115  109   87
 101   94   73
  87   79   60
  97   89   70
  99   90   72
  89   83   62
 117  111   89
 165  159  137
 180  174  152
 184  179  156
 179  173  151
 163  157  135
 138  129  112
  96   87   71
  81   71   60
  83   72   61
  81   69   57
  85   73   61
  83   71   59
  74   65   50
  69   62   43
  54   50   36
  50   44   32
  59   50   42
  72   64   54
  82   75   56
  90   79   62
  91   80   62
  90   79   57
 109  100   65
 121  114   74
 127  119   80
 135  128   88
 150  142  103
 120  112   73
  97   88   49
 100   91   55
  99   92   61
  81   74   53
  62   54   44
  69   60   58
  72   66   64
  71   71   61
  69   69   58
  66   67   53
  66   66   55
  64   64   54
  64   64   54
  71   71   60
  80   80   71
  87   87   78
  96   96   86
  92   90   81
  87   85   73
  97   96   78
 104  103   80
 107  104   79
 106  104   79
 103  101   76
 105  103   79
 105  103   80
 104  102   79
  98   94   71
  94   87   66
 107  101   79
  97   90   69
  88   80   61
  99   91   72
 100   92   73
  90   84   62
 118  113   90
 164  158  136
 170  164  141
 166  159  135
 163  157  133
 165  159  135
 135  127  107
  90   81   63
  84   75   60
  82   72   59
  82   70   58
  83   72   60
  84   72   60
  89   80   63
  79   73   51
  51   47   31
  60   53   44
  75   65   58
  68   59   49
  77   69   54
  86   77   62
  92   83   65
  93   85   66
  95   88   65
  94   86   63
  85   77   54
  80   72   49
  84   77   53
  90   83   60
  90   83   59
  83   74   54
  76   69   53
  68   62   53
  63   56   50
  67   61   57
  67   63   60
  49   48   44
  64   64   55
  76   77   61
  82   83   68
  86   86   74
  81   82   69
  83   84   70
  87   88   72
  88   89   74
  89   90   74
  83   81   69
  90   88   74
 102  101   81
 105  104   81
 109  107   82
 108  107   82
 104  102   78
 101   99   76
  98   96   73
 100   99   76
  99   95   72
  91   85   63
  98   92   70
  94   88   65
  92   84   66
 104   97   78
 103   95   76
  95   88   67
 119  113   91
 156  150  128
 156  150  126
 141  136  108
 150  144  117
 165  160  132
 139  132  108
 106   98   78
  89   80   63
  86   76   61
  84   72   60
  84   71   60
  84   72   60
  89   81   61
  85   79   53
  49   47   27
  63   57   44
  95   88   69
  82   76   53
  72   65   49
  73   67   54
  84   77   61
  91   85   65
  96   90   73
  94   87   72
  89   82   66
  88   81   65
  89   82   66
  86   80   64
  86   79   63
  83   75   64
  80   73   63
  79   75   66
  74   70   63
  65   61   56
  65   64   60
  61   59   53
  73   72   61
  84   84   66
  82   83   65
  82   84   67
  78   80   63
  81   82   66
  84   86   69
  88   89   72
  83   84   67
  89   87   74
 101   99   83
 100   99   75
 102  102   74
 104  100   76
 100   97   72
 103  100   75
 101  100   74
 101   99   75
 101   98   76
  94   91   70
  80   76   56
  98   92   72
 103   96   76
 102   95   74
 109  103   81
 107  100   79
  99   93   71
 101   96   74
 115  110   88
 131  125  103
 142  135  109
 137  131  105
 128  122   96
 118  110   86
 108  100   77
  93   85   66
  86   78   60
  85   75   59
  82   72   58
  81   71   57
  84   76   56
  84   77   54
  51   45   26
  50   43   29
 118  113   82
 140  136   95
  90   85   56
  46   39   23
  71   64   49
  85   80   66
  92   87   69
  92   86   69
  90   84   69
  89   84   69
  84   80   65
  80   76   61
  81   77   62
  83   77   68
  80   76   67
  79   75   66
  74   71   64
  65   64   59
  58   59   55
  60   57   50
  71   69   57
  83   81   64
  83   83   64
  84   85   67
  82   83   64
  81   82   64
  83   84   69
  84   85   69
  84   85   69
  97   95   82
  96   94   78
  98   98   75
 103  102   77
 100   97   74
  98   95   72
 101   99   75
 100  100   76
  98   97   75
  92   92   72
  80   79   62
  71   70   52
 105  100   80
 108  102   80
 106   99   73
 113  106   80
 109  102   76
 105   99   75
 105   99   76
 102   96   73
 122  116   93
 133  124  102
 129  121   99
 126  118   95
 105   98   72
  91   83   60
  88   80   60
  86   78   59
  84   75   58
  82   74   56
  77   68   49
  71   63   41
  73   65   45
  53   44   26
  39   31   16
 121  116   87
 179  176  134
 126  120   88
  62   54   34
  50   43   27
  64   60   49
  76   73   57
  84   81   66
  85   81   70
  87   84   73
  86   84   72
  83   81   69
  81   79   68
  80   77   71
  76   73   68
  73   70   65
  72   69   64
  66   66   62
  52   53   52
  54   52   45
  67   65   53
  77   76   58
  81   81   62
  83   84   66
  85   85   68
  81   82   65
  81   82   66
  83   84   68
  88   89   73
  92   90   75
  92   90   74
  95   93   76
  97   96   77
  94   94   73
  95   95   74
 100  100   79
  96   98   78
  86   88   71
  81   82   68
  66   65   53
  66   64   49
 114  110   89
 113  106   80
 109   99   69
 120  110   80
 115  104   74
 113  104   77
 108  101   75
 110  102   77
 120  112   87
 117  109   86
 118  110   87
 128  120   97
 121  114   88
  93   85   62
  85   77   57
  86   77   60
  82   74   56
  84   76   54
  85   77   52
  77   70   44
  81   73   50
  70   62   41
  35   27    8
  64   58   34
  99   94   65
  95   89   63
  87   79   59
  64   58   42
  46   42   30
  49   47   35
  58   56   47
  73   71   64
  82   81   74
  81   82   75
  82   82   75
  79   79   72
  76   75   74
  74   72   73
  68   68   67
  64   62   61
  67   66   66
  60   60   62
 134  127   81
 130  124   73
 124  118   68
 154  151  104
 164  157  106
  96   80   39
 118  103   65
 100   85   51
  81   67   34
  98   84   49
 103   89   53
 103   89   52
 112   98   63
 111   98   64
 115  102   69
 116  109   71
 122  117   77
 110  104   68
 119  113   75
 115  106   69
  94   85   56
 103   97   66
 117  112   78
 135  127   84
 130  119   71
 126  115   66
 112   99   61
  81   69   47
  80   70   48
  96   87   60
  97   87   61
  83   72   54
 133  127   80
 129  123   74
 117  110   66
 127  119   78
 145  139   92
  96   86   46
  90   77   46
 123  116   73
  76   65   29
  87   74   38
 110  100   61
 116  108   68
 115  107   70
 113  105   68
 114  108   71
 126  122   77
 136  133   85
 120  114   77
 117  111   73
 111  107   69
 113  108   74
 117  111   77
  96   94   66
  92   87   63
  77   71   46
  72   66   42
  73   67   45
  80   70   50
 109   98   67
 121  108   72
 117  105   70
  99   89   60
 133  126   80
 134  126   82
 130  120   80
 116  106   67
 118  112   70
  81   75   43
  60   48   26
 122  115   72
 107  100   62
 106   99   61
 113  108   65
 126  122   79
 115  110   69
 112  108   69
 107  104   67
 107  103   65
 101   96   63
 101   96   66
 100   95   65
 104   99   69
 123  118   84
 107  102   72
  81   77   62
  56   52   41
  32   29   19
  38   36   25
  56   53   36
  91   80   61
 127  113   74
 152  138   85
 148  135   83
 133  120   74
 125  118   79
 131  124   86
 132  123   84
 123  116   73
 102   98   63
  48   44   23
  57   49   26
 107  101   60
  98   92   53
 101   95   57
 106  100   61
 109  102   64
 108  103   65
 104   98   62
  98   93   60
  94   89   59
  93   87   61
  95   91   67
  96   91   67
 101   94   71
 105  101   74
 100   97   72
  83   80   63
  49   45   36
  24   22   17
  36   34   26
  57   51   36
  98   86   64
 144  130   80
 169  159   90
 168  158   89
 160  147   85
 115  109   77
 111  104   72
 100   91   60
  85   75   50
  64   58   35
  30   26   11
  67   60   35
  94   89   53
 101   94   56
 107   98   61
 106   98   61
 104   96   59
 107  100   64
 103   97   63
 101   94   63
  98   92   62
  99   94   66
 107  101   76
 109  103   79
  97   91   67
 100   96   70
  97   96   73
  79   77   59
  34   30   23
  17   14   10
  27   24   20
  51   45   33
  99   87   62
 139  125   77
 156  145   80
 154  143   79
 142  130   71
  92   86   57
  82   76   47
  75   68   43
  73   64   44
  72   64   43
  81   73   53
  90   83   53
  79   72   41
  97   87   55
 106   98   62
 107   98   63
 105   97   62
 104   98   64
  98   92   59
  93   86   57
  98   91   64
  97   90   65
 102   98   69
 112  107   80
  96   88   65
  99   93   69
  90   85   59
  45   40   24
  16   10    6
  33   26   17
  62   55   35
  72   63   38
  97   85   55
 116  100   62
 151  136   80
 154  139   81
 130  114   66
 101   99   69
  96   94   62
  94   91   61
 101   96   64
 109  103   69
 110  105   70
 101   96   62
  90   82   50
  78   68   37
  73   64   33
  89   80   49
 106   97   65
 100   93   59
  99   92   60
  97   89   60
  97   90   61
  98   91   62
  98   89   61
  88   79   53
  82   73   51
  77   70   43
  84   79   48
  94   88   58
 109  103   73
 131  124   89
 146  139   98
 145  138   96
 133  126   86
 129  117   83
 134  125   81
 128  118   71
 100   86   50
  92   92   58
 118  118   82
 139  137  102
 156  153  116
 147  142  104
 121  118   80
 134  129   92
 127  122   84
 106   99   63
  90   81   49
  64   54   29
  78   68   43
  96   87   56
 102   93   60
 102   93   62
 100   93   63
  98   91   62
  88   79   50
  84   75   46
 105   99   64
 121  115   77
 132  126   89
 131  125   88
 133  128   89
 136  132   93
 132  127   89
 120  115   78
 116  111   74
 119  113   77
 113  106   70
 123  116   79
 133  127   92
 166  166  133
 186  185  158
 186  186  156
 164  162  129
 168  166  131
 146  141  107
 137  133   98
 139  136  100
 126  122   84
 118  111   77
  89   80   53
  68   58   33
  67   57   32
  91   82   52
  96   87   55
  93   85   55
  86   78   50
  90   82   50
 116  109   79
 104  100   68
 116  111   76
 115  110   76
 115  109   76
 124  117   84
 131  125   90
 125  119   83
 122  117   80
 121  115   79
 122  115   80
 119  110   77
 116  106   73
 106   97   66
 161  163  130
 121  121   95
 112  109   84
 121  118   88
 126  125   95
 122  122   91
 148  146  116
 143  137  107
 118  116   82
 121  117   89
 102   96   67
  94   88   58
  60   50   26
  53   44   21
  77   72   42
  85   79   49
  71   64   37
 101   95   64
 106   99   74
 100   94   71
 111  105   78
 110  104   78
 111  104   78
 108  101   75
 109  101   76
 108  101   74
 110  103   75
 110  103   75
 115  108   80
 118  113   81
 115  109   77
 113  103   74
 123  122   98
  93   91   71
 111  110   89
 111  107   82
 114  109   84
 133  129  102
 150  146  117
 150  145  114
 127  122   91
 120  115   87
 110  105   77
  93   88   61
  73   65   43
  52   44   25
  47   40   17
  58   52   26
  84   79   50
 103   98   66
 104   98   73
 115  109   88
 113  106   83
 111  104   80
 112  104   82
 111  103   81
 108  101   82
 107   99   80
 104   97   77
 105   98   78
 110  103   83
 106  103   80
 106  102   79
 107   99   79
 112  110   87
  88   84   65
  99   94   73
 106  100   76
 107  101   77
 123  117   88
 149  144  111
 138  134   97
 126  121   87
 113  108   79
 110  105   75
 101   95   71
  82   75   60
  68   61   45
  48   39   24
  94   88   64
 141  136  103
 130  126   92
 102   97   70
 111  105   83
 114  107   84
 123  114   91
 122  114   93
 120  112   91
 123  116   96
 115  108   89
 106   99   80
 107  100   82
 110  103   85
 103  100   83
 102   98   80
 107  100   81
  98   96   75
  85   81   60
 104   98   76
 106   99   76
 149  145  120
 138  134  105
 114  108   78
 116  111   80
 115  110   79
 114  109   78
 107  105   74
  93   90   70
  77   73   60
  61   57   46
 103   97   73
 160  151  119
 126  116   91
 108  103   75
 105  100   75
 101   94   71
 107  100   75
 112  104   81
 121  114   92
 119  113   92
 119  112   93
 122  115   97
 119  112   95
 117  110   92
 114  107   88
 114  111   94
 109  105   88
 106   99   81
  93   90   74
  94   90   72
 104   98   77
 112  106   83
 129  126  101
 120  115   92
 110  103   80
 106  102   76
 109  104   78
 104   98   71
  95   92   67
  85   83   64
  65   61   53
  81   75   58
 163  156  113
 144  133   96
 114  101   74
 140  130   93
 143  134   89
 109  101   71
  95   87   68
 101   93   69
 109  102   79
 117  110   89
 119  111   92
 122  115   94
 125  118   99
 128  122   98
 125  118   95
 117  113   96
 112  107   89
 109  102   83
  91   89   70
  98   95   75
 104   96   78
 105  101   80
 104  102   79
 112  105   86
 114  107   88
 108  106   83
 104  101   78
  98   95   70
  88   85   64
  67   64   52
  84   77   62
 163  157  107
 166  159  105
 127  119   76
 138  129   92
 148  139   86
 217  213  161
 193  190  147
 103   94   71
  96   88   67
 107   99   77
 112  104   84
 122  114   91
 135  128  100
 130  124   96
 128  122   94
 125  117   95
 123  116   94
 120  113   90
 115  109   88
  76   71   50
  67   60   44
  74   68   49
  89   86   64
 100   97   73
 106  102   81
 106  103   81
  96   94   72
  90   88   70
  77   76   58
  60   56   42
  86   79   60
 159  151   98
 191  186  111
 159  151   94
 150  140   96
 151  141   90
 195  188  128
 230  230  178
 203  202  149
 146  138   97
  87   78   59
 101   93   73
 108  102   76
 113  106   78
 123  116   87
 122  118   88
 120  115   86
 121  115   88
 117  111   86
 112  106   82
 112  106   84
 127  118   81
 119  108   77
  95   87   60
  65   58   38
  62   54   36
  58   55   37
  53   51   32
  45   42   26
  33   30   18
  38   36   23
  93   86   49
 149  136   82
 161  150   84
 179  171   96
 160  152   90
 154  144   95
 153  143   86
 207  206  137
 137  132   68
 140  132   66
 178  173  104
  76   69   39
  60   49   34
  78   67   44
  93   86   58
 105   99   71
 117  112   83
 119  114   84
 115  110   81
 111  105   80
 113  107   84
 114  108   86
 137  129   85
 110  102   65
  80   73   47
  68   60   42
  69   61   44
  71   64   46
  67   61   43
  62   59   41
  47   43   33
  54   52   35
 113  108   57
 148  137   76
 169  159   93
 189  181  111
 140  130   73
 136  128   78
 157  153   95
 145  141   85
 148  141   92
 104   96   46
 105   98   48
  93   84   52
  90   80   56
  89   80   53
  89   78   52
  78   69   43
  83   76   47
 101   98   67
 103  101   75
 104  101   76
 102  100   74
 100   97   74
  81   74   49
  71   64   44
  77   74   53
  83   77   58
  84   77   59
  84   77   59
  81   75   56
  75   73   55
  73   69   55
  69   66   46
  71   66   39
 104   96   57
 153  142   84
 160  149   87
 124  113   65
 119  109   71
 144  136   92
 113  105   64
 119  110   74
  99   89   58
  87   78   49
  99   89   65
  97   91   65
 104   98   70
 112  103   75
 115  107   78
  76   68   44
  47   42   23
  65   63   46
  76   76   64
  76   76   65
  74   74   64
  79   72   55
  90   84   63
  92   87   62
  90   83   61
  92   85   63
  96   88   65
  91   84   61
  87   83   61
  77   72   51
  74   67   47
 100   94   71
  54   49   27
  84   71   33
 120  104   50
 115  101   55
 104   89   52
 101   87   52
 110  102   65
 115  107   69
  95   89   58
  86   80   58
  95   86   66
  91   83   61
  92   84   60
  99   92   65
 108  102   71
 111  105   80
  70   62   49
  33   29   24
  30   29   26
  37   36   37
  39   39   40
  91   84   62
  97   89   66
 100   93   63
  98   91   64
 106   97   71
 107   99   70
 103   95   66
  99   91   62
  88   81   54
  65   59   40
  67   60   42
  67   60   42
  86   76   44
  95   81   40
  69   50   15
  93   77   32
  76   60   22
  95   82   48
  99   89   53
  93   86   54
  98   92   70
  95   87   64
  93   86   62
  90   82   61
  91   84   63
  90   82   61
  96   89   67
 104   97   76
  75   69   60
  28   26   26
  18   16   23
  18   17   22
 100   93   65
 106   98   70
 112  103   74
 108  101   72
 111  100   74
 111  100   72
 105   96   67
 104   94   65
  89   81   55
  68   61   42
  78   71   53
  69   62   44
 104   96   66
  66   58   30
 119  106   63
 115  106   59
  64   54   29
  64   54   28
  21   15    2
  57   52   34
 105   98   77
 106   98   73
 105   99   72
  97   90   71
  95   88   69
  92   84   65
  90   82   63
  94   87   67
  97   90   71
  67   66   51
  28   25   28
  14   11   18
 112  104   74
 113  104   75
 111  102   73
 107   98   71
 111  102   74
 122  113   80
 116  108   76
 105   97   70
  89   82   58
  73   66   48
  73   68   53
  65   62   46
  92   87   60
 103   95   65
 186  180  133
  95   90   61
  55   51   41
  71   69   53
  30   28   22
  31   27   19
 100   93   71
 129  122   92
 117  110   83
 107  100   78
  99   91   72
  96   88   68
  94   86   67
  90   82   65
 100   92   73
  91   86   68
  55   51   42
  10    5    6
 114  106   77
 106   97   68
 107   98   69
 113  103   76
 119  109   81
 133  125   88
 127  119   82
 106   99   71
  88   80   61
  72   64   51
  63   58   49
  71   68   57
  88   81   56
 134  127   98
 169  165  136
  76   72   53
  71   66   57
  69   66   54
  66   63   50
  44   39   28
  93   85   66
 132  126   91
 110  103   77
  96   87   65
  96   88   63
  90   82   61
  95   88   69
 106   98   77
  95   87   65
  96   87   68
  86   80   64
  39   35   28
 108  102   72
 107  100   73
 109  101   75
 121  113   84
 128  119   87
 132  124   85
 122  113   77
 106   98   77
  76   71   59
  82   79   67
  52   51   43
  92   88   74
  99   91   68
 135  128  104
 136  129  107
 120  112   92
  92   82   67
  73   65   54
  81   73   61
  62   54   42
  77   70   52
 113  107   75
 117  110   76
 151  142   88
 161  152   89
 127  117   74
 110  100   71
 111  104   72
 104   97   67
 103   96   70
  89   87   66
  81   80   67
 106   99   70
 109  103   75
 113  109   81
 126  121   87
 133  126   89
 124  117   85
 110  101   85
  78   72   67
  83   82   73
  58   57   47
  73   70   58
  98   93   75
 103   95   77
 111  102   83
  93   83   64
 129  122   95
 136  130  104
  91   83   69
  96   88   75
  92   84   70
  71   61   49
  90   80   63
 156  150  100
 226  220  145
 217  210  139
 200  195  123
 156  149   89
 111  104   66
  98   92   62
 107  101   70
 100   97   73
  82   78   65
 105  100   77
 108  103   80
 111  108   84
 113  110   85
 115  112   89
  98   96   80
  74   72   64
  83   82   77
  53   52   46
  74   71   60
 113  106   89
  93   85   67
  93   84   67
  94   86   70
  80   72   54
 107   98   73
 141  134  111
  89   81   63
  91   82   69
 100   91   76
  69   58   43
  75   63   49
 118  109   71
 190  181  106
 221  213  133
 207  200  124
 167  160   93
 109  101   56
 140  133   89
 113  103   66
 103   96   69
  86   82   64
  92   91   77
  90   90   76
  93   95   80
  84   85   73
  74   74   69
  64   65   65
  69   71   67
  59   60   56
  80   82   71
 111  109   92
 101   95   76
  94   87   69
  86   77   61
 111  103   84
 179  174  145
 172  163  136
 107   96   75
  74   63   50
  78   66   57
  86   75   62
  76   67   47
  57   49   33
  85   72   55
 122  112   70
 179  171  101
 192  182  105
 191  184  115
 180  175  111
 189  181  114
 157  148   92
 120  114   74
  82   79   58
  72   72   62
  72   72   64
  65   66   59
  65   66   59
  59   59   57
  63   62   62
  70   69   63
 106  105   85
 115  116   89
 101  100   79
 102   95   77
 100   93   74
  90   81   64
 100   91   73
 165  159  135
 177  172  144
 161  155  131
 101   90   75
  80   67   57
  87   75   62
  77   67   49
  56   50   32
  67   58   48
  84   76   60
  95   88   58
 147  138   82
 194  187  119
 223  219  154
 171  161  102
 158  150   93
 107  101   66
  66   60   52
  78   78   68
  80   80   70
  69   69   60
  74   74   65
  80   79   71
  87   85   76
 104  102   82
 114  112   85
 104  102   78
 104  102   79
 101   96   74
 102   96   74
  94   86   67
  92   84   65
 137  131  109
 179  173  150
 173  168  144
 119  110   92
  79   68   56
  84   71   60
  84   74   59
  64   59   41
  57   50   41
  73   64   52
  89   79   63
  98   89   64
 108  100   68
 116  108   77
 103   94   63
  89   81   55
  69   63   51
  67   61   59
  63   62   53
  79   80   63
  80   81   66
  83   84   68
  88   89   74
  92   90   76
 102  101   78
 104  102   77
 102  100   75
 101   99   76
  92   88   66
  95   89   68
 103   96   76
 100   94   73
 122  116   94
 144  138  113
 144  138  111
 116  108   85
  87   78   61
  83   71   59
  88   78   61
  62   56   36
  84   78   58
 104   98   71
  66   59   44
  92   86   69
  89   83   68
  81   75   60
  82   76   62
  80   74   65
  75   71   64
  63   62   57
  65   63   53
  82   82   64
  83   84   66
  81   82   65
  84   85   70
  94   93   77
  98   97   76
  98   96   73
  99   99   76
  90   90   72
  74   72   57
 106  101   79
 114  105   77
 111  103   77
 104   97   74
 121  114   91
 125  117   94
 103   95   71
  85   77   58
  83   75   57
  81   73   49
  61   52   33
  73   66   43
 129  124   90
  62   55   38
  59   55   43
  78   75   64
  86   84   75
  81   80   71
  77   75   72
  71   68   66
  61   61   60
 129  122   74
 136  130   83
 128  117   73
 100   87   51
  91   79   43
 110   99   61
 113  103   66
 119  113   73
 123  118   77
 113  107   70
 107  101   68
 107  101   70
 100   91   55
  85   75   50
 102   91   63
 102   91   63
 132  125   83
 129  120   79
  79   74   43
  83   76   44
 108  102   61
 112  106   66
 111  106   68
 103   99   63
 100   95   66
 102   98   70
 113  109   80
  68   64   51
  24   23   17
  72   64   48
 150  137   84
 153  141   83
  99   92   62
  82   74   47
  60   54   34
  77   71   42
  99   91   55
 107   99   63
 102   96   62
  94   88   59
 101   95   70
 101   94   71
  91   87   63
  45   41   29
  35   30   21
  85   75   51
 146  132   78
 149  136   75
 106  105   73
 126  123   90
 127  122   86
 112  106   71
  88   79   46
  83   74   45
 100   92   60
 102   94   64
  95   87   59
  92   84   54
 103   97   64
 112  106   73
 135  129   90
 128  122   82
 123  114   76
 121  111   72
 155  155  125
 150  148  119
 141  139  106
 143  140  107
 123  119   85
  84   76   50
  70   60   33
  83   76   45
  86   79   49
 109  103   74
 115  110   79
 119  112   82
 118  112   81
 114  108   76
 117  110   78
 114  106   75
 103  101   79
  97   92   71
 122  117   90
 145  140  108
 122  118   86
 107  102   74
  62   55   38
  64   57   36
 112  108   77
 105   99   77
 115  107   85
 115  107   87
 110  103   84
 106   98   79
 107  102   83
 105  100   80
  93   90   71
 109  103   81
 131  126  101
 115  110   82
 114  109   78
  92   89   68
  73   69   58
 135  126   95
 130  121   89
 116  109   79
 103   95   74
 119  113   90
 123  116   97
 123  116   95
 117  112   93
 109  104   86
  87   82   63
  94   89   68
 103   99   78
 102   98   78
  87   85   64
  74   69   54
 146  140   92
 156  147   95
 160  151  102
 206  204  149
 111  103   76
  97   89   69
 124  117   90
 130  124   96
 122  115   90
 115  109   87
 115  106   70
  75   68   46
  66   60   42
  59   55   38
  43   42   28
 120  111   64
 184  175  102
 151  142   87
 165  160  103
 146  140   81
 110  101   58
  79   70   48
  95   87   58
 100   96   66
 110  106   79
 109  105   81
  84   77   55
  85   79   57
  90   81   61
  84   79   58
  74   69   51
  84   78   48
 126  113   61
 115  102   58
 118  108   68
 106   98   63
  87   79   55
  97   89   64
 106   98   69
  77   71   49
  49   47   39
  56   56   51
  99   92   67
 105   98   69
 107   98   71
 104   95   66
  80   73   49
  69   62   45
  83   72   40
  98   83   41
  73   62   31
  69   63   39
 101   94   71
  97   90   68
  93   86   66
 100   92   72
  62   58   49
  14   12   18
 111  103   73
 109   99   72
 122  113   81
 116  108   75
  80   73   56
  64   60   47
 116  110   81
 133  128   98
  57   53   42
  41   37   28
 110  103   76
 110  103   77
  89   81   61
  95   87   68
 101   93   72
  51   46   38
 108  101   73
 119  112   82
 134  126   90
 105   98   78
  68   65   57
  78   74   61
 112  104   83
 115  107   86
 102   95   78
  80   72   60
  85   77   58
 165  158  103
 181  173  109
 114  107   69
  97   91   64
  90   87   69
  98   95   77
 100   99   80
  86   85   74
  67   67   65
  83   82   70
 100   93   75
  95   86   69
 138  130  105
 108   99   79
  86   75   63
  68   57   43
 133  123   80
 209  201  121
 177  171  104
 150  142   90
 100   94   66
  74   75   65
  69   69   62
  69   69   65
  96   95   77
 110  109   84
  98   92   72
  96   88   69
 171  166  141
 135  127  107
  80   67   55
  71   63   46
  64   56   46
 108   99   66
 161  154  104
 135  126   82
  80   74   57
  74   73   59
  83   84   67
  92   92   75
 104  102   78
  95   94   72
  94   89   69
 104   97   73
 124  118   95
 126  119   95
  86   76   59
  73   65   46
  88   83   58
  75   69   54
  75   71   60
  74   70   63
  66   63   61
 124  117   74
  92   83   49
 105   96   57
 112  106   69
 112  107   74
  88   84   60
  67   60   40
 129  116   73
 110  106   75
  96   90   60
  96   88   54
  98   91   59
  99   92   64
  86   81   57
  92   85   58
 139  127   78
 127  125   99
 144  140  107
 106  100   71
  68   61   39
  98   91   65
 120  113   86
 121  115   87
 107  101   77
  94   89   69
 107  102   80
  94   90   67
 128  121   85
 155  149  106
 110  103   79
 119  112   90
 121  115   93
  90   83   58
  69   64   48
  83   78   49
 145  133   75
 136  128   79
  96   87   59
  94   87   61
  80   77   61
 109  100   71
 115  106   75
  75   68   50
  97   88   58
  65   58   39
 102   96   72
  96   88   68
  52   48   42
 107  102   78
  98   94   76
  81   77   65
 122  115   94
  89   81   69
 111  102   70
 171  163  101
 112  106   73
  73   74   64
  87   87   74
  97   93   71
 126  119   96
 111  102   83
  68   60   43
 117  110   77
  99   93   71
 111  105   69
 100   92   58
  91   86   61
 105   96   63
 110  107   83
 106  100   68
 119  111   80
 114  108   84
  91   83   61
 101   93   62
 112  104   70
  89   83   64
  93   91   73
 100   94   78
 101   92   70
 116  110   75
 106  100   68
 106   99   70
  99   93   70
 105   98   71
 104   97   70
