 110   96   83
  79   60   49
  92   62   52
 107   72   63
 136   89   82
 154   97   87
 149   86   76
 152   83   75
 157   90   81
 151   84   75
 111   39   38
  81   35   33
 106   64   61
 141   89   84
 147   90   87
 134   72   74
 104   52   49
 113   65   60
 129   69   73
 114   58   58
 100   48   45
 111   71   57
 125   78   64
 134   67   59
 152   88   81
 166  116  110
 159  108  103
 150  104   98
 158  116  109
 147  102   98
 134   86   85
 140   91   89
  98   68   56
 115   48   39
 140   65   58
 146   77   70
 131   69   66
 109   53   51
 115   73   69
  91   54   51
  90   38   35
 100   45   44
  92   36   40
 116   61   60
 147   97   89
 149  103   97
 127   71   70
  96   37   40
  64   13   16
 113   46   54
 151   80   89
 137   64   74
 114   40   48
  85   20   25
  78   30   29
  94   50   47
  97   43   41
 118   60   60
 130   67   70
 128   62   63
 131   62   65
 136   72   75
 135   72   75
 104   43   49
 108   86   67
  81   46   35
 101   54   48
 112   58   54
 112   59   52
  98   47   44
  83   43   43
  94   63   62
 123   73   71
 147   89   87
 166  116  110
 142   85   85
  97   35   37
  47    5    9
  59   11   16
 144   77   73
 150   93   84
 123   51   49
 140   67   65
 152   81   77
 136   58   60
 114   39   41
  68   21   21
  62   21   21
 100   33   32
 106   36   38
 110   37   40
 110   35   38
 114   40   44
 119   56   60
 111   56   58
  86   36   39
 102   70   54
 102   40   36
 135   73   72
 143   89   92
 131   74   80
 135   79   85
 136   79   86
 130   77   84
 116   65   72
 112   62   67
 107   55   60
  97   48   53
  98   58   57
  95   57   52
  98   54   52
 128   76   72
 138   85   78
 130   69   66
 123   57   57
 109   45   46
 104   42   43
  91   34   34
  52   16   17
  44   12   13
  93   45   42
 113   52   52
 115   52   57
 131   71   78
 141   84   89
 140   79   85
 142   80   87
 151   87   91
 103   72   55
 105   41   38
 121   54   62
 129   68   82
 124   68   83
  99   44   49
  65   18   21
 102   43   47
 118   57   54
  97   37   35
 110   49   46
 125   73   68
 138   93   87
 148  103   94
 161  121  112
 159  121  112
 141  100   93
 124   75   76
 116   62   67
 104   52   58
  89   41   46
  78   30   33
  82   34   37
  74   28   32
  97   37   40
 119   47   49
 128   60   65
 130   66   69
 118   61   62
  96   50   50
 100   60   60
  84   42   43
  94   63   48
 105   47   42
 129   70   67
 106   42   42
  79   24   24
  55   15   13
 102   44   44
 167  106  101
 156   99   89
  99   36   35
  48   13   13
  31    5    7
  83   41   39
 112   67   59
  75   27   27
  87   42   43
  99   53   51
  76   29   29
  54   20   22
  33   13   14
  70   23   23
 106   39   36
 133   59   56
 134   61   59
 110   38   43
 103   36   41
  95   29   32
  83   17   20
  81   16   18
  81   18   19
  77   16   16
  64   11   11
 108   66   53
 142   50   47
 180  104   98
 148   72   70
 112   38   39
  85   24   25
 124   54   56
 141   78   77
 107   47   48
  75   22   22
  84   37   34
 145   94   82
 164  118  100
 137   88   80
  95   43   41
  96   48   47
 138   87   91
 116   62   68
  63   20   23
  61   18   23
 108   37   40
 147   83   77
 144   80   76
 133   65   65
 138   78   77
 149   95   94
 149   96   96
 128   70   72
 118   57   63
 105   46   52
  93   37   40
  72   23   25
  91   61   50
 112   44   45
 137   66   74
 132   67   73
 113   48   52
  81   23   25
  62   14   16
  89   31   31
 101   39   36
 114   53   50
 133   70   66
 131   68   63
 107   38   39
  87   28   33
  58   18   21
  51   14   15
  78   32   40
 106   48   58
 130   56   57
 134   63   63
 132   65   63
 122   55   55
 116   51   53
 116   53   56
 120   56   59
 123   56   61
 120   52   58
 108   47   52
  95   41   46
  85   32   39
  93   39   43
  98   42   44
 125   63   64
 142   79   80
 149   93   91
 147   94   89
 148   95   89
 139   83   77
 124   60   58
 121   51   52
 117   48   47
 106   43   43
  83   28   31
  62   20   23
  64   26   29
  93   41   42
  93   40   39
  84   40   37
  80   47   43
  61   18   18
  94   36   38
 116   57   53
 149   86   79
 171  102   96
 164   93   89
 155   80   79
 156   81   80
 147   67   67
 143   59   59
 139   54   53
 130   51   51
 108   40   40
  53   13   14
  73   32   34
 117   74   66
 113   61   59
 128   68   68
 130   67   69
 139   82   83
 151   99   98
 136   79   80
 121   62   65
 104   48   52
 101   46   50
 113   58   59
  81   37   34
  54   16   13
  88   35   28
 125   69   62
 137   80   72
 133   74   69
 105   49   48
  72   22   22
  50   13   13
  53   13   16
  95   27   29
 123   48   49
 120   42   43
 137   77   73
 109   59   57
  70   22   25
  84   25   27
 122   45   44
 157   84   78
 130   55   56
 108   31   32
 117   93   69
  88   51   39
  85   44   40
  83   42   38
  91   44   42
 121   63   62
 132   74   71
 131   75   71
 137   84   78
 143   90   84
 137   80   77
 117   61   59
 102   39   38
  55   15   17
  31    6    8
  46   18   19
  66   27   30
 112   48   49
 138   63   62
 120   54   55
  81   33   36
  39   11   11
  63   19   20
 120   46   45
 142   69   65
 139   70   69
 102   39   42
  33    7    9
  69   19   21
 120   48   52
 125   66   70
  80   32   33
 123   75   64
 132   71   67
  93   37   35
  75   28   24
 121   59   57
 143   83   79
 152   98   93
 144   89   88
 129   75   74
 110   60   61
  83   35   39
 101   37   40
 132   55   57
 153   88   86
 142   75   75
 116   42   41
 103   33   32
  87   24   25
  95   34   33
  93   45   46
  57   26   26
  61   16   17
 125   54   49
 170  108   95
 156   90   80
 142   74   66
 120   49   45
  85   27   26
  77   24   24
  97   27   26
 143   72   68
 110   50   48
 120   58   56
 134   72   74
 112   50   50
  80   25   29
  83   31   33
 119   52   55
 130   61   66
 133   67   72
 117   50   56
  97   33   38
  73   22   26
 142   61   64
 163   75   76
 159   78   80
 154   75   82
 150   70   79
 148   68   79
 131   55   63
 112   48   51
  91   40   44
  86   31   33
 110   35   36
 127   49   48
 134   63   62
 134   50   52
 164   84   82
 162   81   79
 144   54   55
 128   44   48
  87   25   28
 125   56   63
 140   68   74
 166  130  102
 118   59   56
 108   49   48
  90   45   39
  69   25   22
 101   38   39
 138   68   72
 149   82   90
 133   61   72
 107   40   44
  82   31   31
 116   43   44
 113   53   53
 111   52   54
 102   37   38
 122   52   53
 147   74   80
 155   84   93
 146   75   87
 128   60   72
 110   49   56
 101   46   46
  76   25   26
 115   57   60
 113   45   46
 139   54   57
 155   78   86
 151   76   85
 137   59   63
  89   29   30
  90   40   44
 116   54   62
 160  114   91
 124   50   50
 148   79   74
 158   96   87
 121   47   45
  84   33   31
  54   28   23
 104   49   44
 124   53   50
 140   65   60
 164   85   77
 114   50   45
  54   10    8
 113   43   38
 135   60   52
 143   74   69
 135   74   71
 119   59   54
 119   49   45
 125   59   52
 124   62   55
 122   58   50
 130   64   56
 143   70   62
 145   71   68
 162   91   92
 169  100  101
 159   91   92
 153   84   83
 144   70   71
 115   44   45
  63   18   14
 150   95   81
 127   47   51
 144   69   72
 151   82   89
 154   79   84
 100   35   37
  72   23   24
 128   49   53
 153   77   76
 159   91   85
 115   50   48
  57   29   26
  72   30   29
 117   50   48
 135   70   65
 150   90   80
 126   59   54
 103   33   32
 110   46   44
 134   72   71
 139   70   70
 143   67   67
 142   69   70
 142   71   73
 142   73   76
 135   68   72
 120   53   60
 116   50   53
 109   49   51
 108   51   48
 120   45   44
 140   62   54
 100   68   56
 117   65   56
 129   75   68
 120   70   64
 123   64   58
 109   53   51
 127   80   75
 118   61   61
 104   47   48
 136   69   74
 107   48   46
 106   55   48
 132   74   71
 139   81   79
 139   82   81
 124   70   72
 100   58   46
 125   65   65
 122   67   69
 100   56   60
 118   67   69
 133   78   78
  93   46   46
 112   63   60
 137   75   72
 138   65   67
 106   40   43
  53   14   16
  97   37   37
 121   50   55
 129   65   70
 121   65   69
 107   57   47
 127   61   66
  91   37   43
 121   62   63
 117   58   55
  76   32   31
 123   81   73
 128   84   78
 117   70   69
  68   29   33
  83   33   34
 104   45   45
 110   46   49
 114   51   54
 101   44   46
  88   38   38
 120   60   55
 149   75   76
  93   32   32
 107   46   45
 104   44   42
 108   55   50
 118   63   59
  73   27   29
  96   46   52
  92   36   39
 133   66   63
 140   72   71
 135   70   72
 129   64   67
  96   36   41
  79   27   29
 119   68   65
 133   77   77
 139   85   83
 117   56   57
 114   52   52
  93   43   43
  66   20   20
  94   49   44
  93   45   44
  96   40   39
 114   56   54
 132   61   61
 132   65   64
 103   37   39
 121   51   51
  95   38   40
 114   69   59
  85   36   34
 120   63   62
 145   87   85
 123   72   71
 110   53   53
 115   53   52
  96   45   46
 101   37   38
 100   42   42
  54   14   17
 118   52   48
 150   80   74
  80   26   26
  95   33   34
 127   59   60
 139   81   73
  99   42   41
  94   38   37
 137   71   75
 109   45   51
 105   39   40
 140   66   67
 138   62   66
 142   67   74
 117   55   61
  99   40   41
 119   53   51
 145   68   67
 161   78   81
 113   42   45
 108   48   53
 141   79   70
 147   76   76
 107   48   47
  90   36   36
 152   75   72
 108   51   47
  82   30   27
 141   73   66
 126   62   59
 123   57   56
 130   65   61
 130   62   59
 143   72   74
 142   76   80
 128   63   63
 107   41   39
 111   64   57
 119   67   66
 117   64   63
 116   67   64
 127   64   65
  92   38   38
 117   58   58
 130   71   74
 125   63   62
 110   49   52
 104   50   48
 104   60   56
  97   48   49
 111   50   50
 119   54   57
  95   39   42
 114   63   58
 126   68   67
 111   53   53
  96   41   42
  94   39   40
 115   53   52
 125   57   56
 102   39   41
 123   64   59
 112   52   53
 118   54   54
 126   58   57
 126   59   61
 114   51   50
 142   70   70
 116   50   52
 116   61   59
 109   58   57
 107   51   51
 113   53   55
 120   61   59
 109   50   50
 114   52   52
 120   53   53
 113   58   56
 113   53   53
