 223  230  235
 144  146  142
 120  115   94
 134  125  104
 141  130  114
 101   87   71
 169  156  140
 138  130  114
 118  104   91
 105   94   79
  97   84   72
  92   77   66
  85   70   60
  83   68   57
  89   73   60
  90   74   62
  85   69   56
  79   62   47
  81   65   51
  79   64   55
  71   55   47
  62   45   36
  56   39   27
  64   48   33
  76   62   46
  75   58   43
  65   46   32
  77   48   37
  99   66   52
 117   87   65
 118   86   62
 116   75   60
 107   62   51
 106   56   49
 107   59   55
  98   59   54
  92   67   61
  99   80   71
 110   92   80
 115   96   89
 103   87   81
 100   79   77
  96   79   77
  96   83   80
 105   94   90
 110   99   95
 119  108  104
 127  114  110
 145  124  123
 154  134  132
 150  130  129
 164  147  144
 173  158  151
 168  157  146
 163  152  141
 156  143  137
 149  135  134
 146  133  128
 161  148  144
 191  180  166
 191  181  166
 167  160  150
 236  232  222
 225  220  210
 161  161  166
 145  142  136
 161  154  134
 167  156  137
 101   87   72
  76   60   44
 123  106   92
 130  111   99
 110   87   77
  96   80   67
  94   78   67
  94   75   65
  87   69   59
  89   69   59
  83   61   48
  75   53   41
  79   57   45
  82   62   48
  96   75   61
 100   76   65
  87   62   52
  84   60   49
  97   75   60
 117   95   78
 130  105   88
 122   86   73
 104   58   48
 109   56   48
 122   68   57
 123   71   56
 114   59   43
 108   47   36
 103   41   33
 102   38   34
 100   37   34
  96   39   37
  81   33   30
  84   45   39
 120   90   80
 122   97   89
 108   83   78
  93   72   68
  85   65   61
  87   67   64
  92   71   62
  92   64   54
  90   55   48
  90   48   45
  94   47   46
  92   45   44
  89   43   42
  96   43   42
 105   57   52
 124   88   76
 149  120  104
 126  101   87
  92   66   54
 135  110   91
 151  123   98
 142  113   81
 139  108   78
 122   89   68
 115   81   64
 102   68   50
 118  109  109
 122  113  106
 157  147  128
 102   90   71
  79   62   48
  92   73   59
  78   58   45
  85   62   51
 109   85   75
 152  140  125
 150  140  127
 134  122  111
 117  105   94
 108   93   80
 123  104   87
 132  114   97
 156  138  122
 167  154  139
 155  139  124
 145  123  106
 141  121  104
 139  118  101
 118   85   69
 132   88   73
 133   77   65
 132   70   59
 128   60   52
 124   54   44
 120   49   39
 115   46   36
 117   45   35
 120   44   36
 119   46   40
 121   51   46
 121   50   44
 116   48   43
 110   45   42
 103   47   42
 123   90   78
 126  107   94
 119   93   85
 100   77   72
 101   74   70
 109   81   78
 106   67   63
 104   56   51
 104   54   51
 113   62   60
 124   75   75
 122   72   73
 117   68   68
 113   60   57
 102   51   45
  93   49   37
 120   84   67
 129   97   81
 120   87   69
 163  132  102
 149  119   91
 137  104   74
 115   75   52
  95   47   39
  91   40   37
  91   40   36
  97   87   82
  87   76   64
 116  103   88
  72   56   43
  95   75   63
  98   79   66
  88   66   55
  82   59   50
  91   74   63
 137  129  115
 134  125  112
 124  115  103
 197  194  181
 191  189  177
 206  194  183
 251  239  222
 251  242  219
 255  255  245
 255  249  231
 244  231  208
 231  211  186
 182  149  127
 110   60   43
 125   62   49
 127   54   44
 125   52   44
 124   51   44
 124   49   42
 126   50   44
 127   51   46
 131   55   50
 129   53   46
 124   50   44
 123   50   44
 122   49   46
 125   51   49
 117   48   44
  90   33   29
  91   53   46
 107   83   72
 103   76   67
 106   82   72
 122   95   86
  98   64   58
  94   44   43
 102   47   47
 114   62   61
 128   74   75
 138   77   86
 139   78   87
 141   80   88
 136   76   78
 128   69   68
 114   56   53
  98   45   42
  97   56   50
 118   81   68
 136  102   78
 136   95   77
 124   73   61
 103   46   44
 109   52   51
 112   57   52
 112   56   52
 104   95   87
  77   66   51
 100   86   73
  74   58   48
  97   78   67
  86   68   56
  82   63   52
  81   59   51
  74   58   47
  41   31   19
  29   16    5
  68   57   46
 223  220  209
 161  157  148
  85   68   59
 177  159  139
 199  187  156
 194  177  158
 168  138  121
 143  102   82
 123   63   48
 129   55   44
 137   63   52
 135   60   50
 131   58   50
 130   57   50
 133   59   55
 142   66   65
 152   76   75
 154   78   77
 152   76   74
 142   67   62
 138   63   57
 133   57   52
 131   56   55
 140   62   63
 132   62   59
  85   29   26
  75   31   29
 100   67   60
  81   51   43
  89   62   51
 127   99   88
  81   41   35
  97   43   41
 115   57   57
 122   65   64
 132   73   74
 139   77   85
 149   87   94
 154   92   99
 143   81   84
 130   70   70
 120   64   62
 107   49   51
  88   35   36
  98   60   50
 107   71   56
 115   74   58
 110   56   49
 107   51   50
 112   54   54
 114   52   52
 112   51   51
 105   96   89
  71   61   46
  88   74   60
  81   66   57
  82   66   57
  71   55   46
  73   57   47
  70   53   42
  74   57   47
  56   41   31
  51   39   27
  61   50   39
 101   91   82
  97   84   76
  72   55   41
 138  114   92
 185  148  121
 137   82   67
 107   42   32
 119   42   34
 134   55   49
 135   61   54
 133   62   53
 134   64   55
 138   65   59
 144   70   66
 149   75   74
 153   80   80
 154   81   82
 156   83   84
 153   80   80
 155   80   77
 147   72   70
 138   63   60
 136   61   60
 135   58   58
 132   63   60
  91   35   32
  73   30   27
 106   74   66
  95   65   57
  78   45   39
  69   35   30
  86   41   40
 120   61   62
 130   67   68
 130   68   68
 132   69   71
 146   81   86
 160   95  100
 154   89   94
 138   74   76
 129   66   66
 121   61   61
 115   53   54
  87   32   32
  74   36   29
  68   35   26
  91   46   42
 115   56   58
 118   58   62
 117   55   56
 115   51   51
 114   50   50
  96   87   79
  88   77   62
 118  104   91
  73   60   51
  36   22   15
  57   43   35
  64   49   42
  66   51   41
  86   69   58
  81   63   52
  70   54   44
  57   45   36
  49   35   28
  65   52   45
  96   82   70
 120   84   70
 125   59   46
 112   35   29
 123   45   41
 136   58   55
 136   59   56
 136   58   54
 140   61   57
 147   67   63
 144   69   65
 147   73   71
 145   70   72
 147   73   76
 144   72   75
 144   72   75
 152   79   79
 158   82   81
 149   73   72
 134   58   57
 129   54   53
 127   49   49
 126   54   52
  97   38   35
  61   17   14
  71   40   33
  77   46   38
  70   32   30
  87   45   44
 118   65   68
 134   69   73
 133   65   68
 131   64   67
 134   67   70
 145   79   82
 151   85   88
 144   78   81
 135   70   72
 127   62   64
 121   58   60
 117   54   55
  95   39   39
  65   28   24
  45   12    8
  87   38   42
 127   67   74
 128   66   73
 124   60   63
 122   56   57
 118   52   53
  91   82   72
  93   77   63
 132  115  105
  74   58   51
  31   14    8
  56   38   34
  69   50   48
  78   59   52
 103   84   68
  97   74   62
  85   62   54
  69   60   47
  74   61   50
 112   83   75
 113   72   64
 104   46   38
 111   39   30
 125   48   40
 132   55   47
 137   60   52
 138   61   55
 145   67   63
 147   68   64
 146   68   64
 147   69   65
 146   68   67
 146   68   71
 146   63   69
 140   64   64
 147   75   72
 155   80   74
 156   78   71
 146   67   63
 139   57   56
 128   49   45
 128   45   44
 125   45   47
 106   37   35
  69   20   17
  58   27   24
  61   27   21
  78   34   33
 116   64   64
 133   72   72
 135   67   70
 133   64   69
 134   65   70
 135   67   71
 143   79   80
 145   81   82
 136   72   73
 130   65   69
 119   54   59
 117   52   56
 116   52   56
  97   43   43
  58   18   14
  60   21   16
  98   46   47
 123   66   71
 133   69   79
 128   61   69
 124   59   61
 122   56   56
  89   78   67
  93   75   59
 130  112  100
  73   56   48
  40   23   15
  62   44   40
  72   53   51
  85   64   55
 110   88   72
 101   75   62
  98   80   62
 116   97   76
 116   79   64
 110   52   46
 107   38   37
 117   46   42
 125   52   47
 136   59   54
 142   65   59
 143   66   60
 140   62   58
 142   64   60
 143   65   61
 144   66   62
 144   66   63
 143   65   61
 142   64   61
 151   72   70
 171   98   93
 188  119  110
 181  108   98
 161   85   75
 148   66   60
 141   53   52
 126   46   43
 124   41   41
 118   38   40
 102   34   34
  70   21   21
  54   19   19
  65   23   23
  98   45   47
 126   69   70
 131   69   69
 134   67   69
 134   64   68
 137   68   71
 139   72   74
 142   78   78
 152   88   88
 141   77   77
 124   59   62
 116   51   55
 113   48   52
 111   47   51
  97   42   43
  61   15   13
  72   24   22
 104   48   51
 123   62   69
 134   67   78
 128   60   70
 123   57   63
 121   55   58
  94   81   67
 107   87   70
 133  112   97
  77   59   51
  50   33   26
  51   34   29
  64   45   42
  94   71   60
 116   92   73
 111   85   70
 128   94   80
 118   68   58
  98   29   25
 109   32   30
 119   45   41
 133   56   55
 143   65   65
 146   68   66
 143   65   62
 144   66   63
 145   67   63
 142   64   59
 142   64   59
 140   62   58
 137   58   57
 143   65   60
 159   81   72
 186  117  106
 207  150  135
 196  141  122
 183  124  104
 178  111   95
 146   71   60
 131   48   43
 122   42   38
 120   38   37
 117   37   39
 104   36   37
  64   15   17
  47    7   12
  75   26   29
 110   48   54
 123   59   63
 122   58   60
 134   67   67
 138   70   70
 133   65   65
 149   82   82
 157   93   90
 170  106  103
 157   93   89
 122   58   60
 118   53   57
 110   45   49
 108   43   47
  98   40   42
  68   16   16
  85   28   30
 106   48   51
 126   64   71
 135   65   77
 129   60   72
 125   58   67
 121   55   61
 113   99   83
 124  102   87
 127  105   91
  79   62   45
  74   51   39
  62   37   35
  49   32   30
  87   68   51
 111   80   64
 102   67   51
  97   44   33
  98   32   25
 112   36   35
 124   47   47
 134   60   60
 148   71   73
 147   70   72
 144   66   66
 141   63   63
 144   66   65
 142   65   63
 139   62   59
 141   61   59
 140   59   57
 149   74   67
 174  107   95
 199  141  123
 203  148  131
 197  142  122
 183  131  110
 208  163  143
 242  209  184
 163  100   87
 125   41   38
 119   38   36
 121   36   38
 120   41   43
  93   30   34
  54   11   14
  49   10   11
  89   33   37
 117   54   57
 129   65   66
 116   48   48
 130   59   61
 156   88   87
 147   81   73
 141   71   62
 151   89   79
 168  113  105
 154   93   90
 126   60   63
 117   51   55
 112   46   50
 105   40   43
  91   31   32
  74   19   18
  96   35   35
 111   51   51
 128   66   75
 137   70   83
 134   64   77
 130   60   72
 126   57   66
 125  109   91
 133  109   94
 127  103   89
  81   63   39
  90   66   43
  91   63   51
  50   26   16
  80   49   34
  95   43   33
  94   31   22
 105   38   29
 117   46   39
 127   51   48
 139   61   62
 142   66   68
 147   71   74
 143   67   69
 143   66   66
 140   62   61
 142   65   65
 142   61   60
 140   59   56
 138   64   59
 160   94   86
 201  147  132
 225  175  155
 209  165  142
 189  136  114
 173  111   85
 168  108   82
 196  148  125
 248  223  198
 171  114  100
 113   35   30
 117   39   39
 116   36   39
 106   37   38
  74   20   22
  46    5    7
  67   22   22
  97   38   40
 114   50   51
 130   65   64
 135   69   65
 142   73   71
 161  102   95
 189  144  127
 169  120  101
 128   69   57
 161  105   96
 152   91   90
 123   57   61
 114   48   52
 117   51   55
 108   42   45
  86   25   25
  84   26   25
 104   40   41
 113   52   51
 128   64   75
 144   76   91
 138   68   81
 131   61   72
 128   57   67
 116   98   77
 122   95   77
 121   95   77
  95   71   48
  95   70   46
  89   62   43
  69   30   17
  89   33   23
 104   33   26
 112   35   28
 118   41   35
 127   48   45
 140   60   59
 142   63   64
 140   64   66
 141   65   67
 140   64   66
 141   64   64
 143   66   66
 136   57   58
 137   61   56
 149   81   70
 163  106   92
 217  171  154
 234  193  174
 193  144  124
 171  111   93
 161   96   76
 160   90   64
 153   85   59
 153   93   73
 196  149  129
 146   82   70
 117   40   35
 110   39   38
 103   33   35
  82   29   27
  48    8    5
  51    9    8
  83   30   29
 106   43   44
 115   47   47
 127   62   59
 149   87   79
 162  102   91
 188  143  125
 241  213  190
 216  187  164
 130   77   62
 150   86   81
 149   84   85
 121   55   59
 112   45   50
 119   53   57
 111   44   47
  86   21   23
  89   28   29
 112   45   47
 117   52   52
 131   63   75
 140   68   85
 138   67   80
 131   61   73
 128   58   68
 102   83   64
 107   80   63
 106   79   61
  88   61   43
  82   56   37
  81   47   30
  91   36   25
 108   37   30
 117   38   33
 119   43   35
 133   53   48
 143   59   58
 142   62   62
 140   62   64
 139   62   66
 140   64   66
 138   63   64
 140   59   60
 132   53   52
 135   60   58
 182  125  116
 218  176  160
 204  160  143
 202  159  142
 165  115   98
 139   76   62
 148   72   61
 142   66   55
 156   81   64
 174  104   83
 167  101   84
 167  106   92
 135   64   56
 129   51   48
 110   41   42
  87   26   28
  57   12   12
  39    4    2
  65   21   20
  96   37   38
 118   52   54
 124   56   53
 139   75   68
 161  103   92
 175  126  108
 205  167  144
 224  195  172
 195  160  140
 143   90   76
 140   76   70
 140   74   74
 124   59   62
 113   47   51
 112   46   50
 103   36   40
  83   19   21
  96   34   34
 115   48   50
 118   50   54
 132   62   74
 137   65   79
 138   66   80
 132   63   74
 129   59   69
  99   79   66
  89   60   49
 102   75   60
  75   48   34
  78   44   30
  92   43   27
 104   37   24
 113   40   33
 127   45   41
 132   52   48
 142   59   56
 143   61   60
 139   59   61
 137   58   62
 139   60   65
 140   60   62
 138   58   57
 129   50   47
 149   82   75
 197  147  133
 234  200  182
 246  213  196
 175  126  113
 138   79   69
 144   79   69
 138   68   60
 136   60   55
 136   59   53
 140   67   58
 171  105   89
 166  103   86
 149   81   72
 141   71   68
 124   53   56
  96   33   37
  61   15   16
  40    0    3
  48    8   10
  73   24   25
 107   44   47
 129   63   65
 141   79   73
 155   92   84
 165  115  101
 184  144  124
 195  161  140
 204  173  153
 162  120  105
 134   74   65
 134   73   66
 127   63   59
 120   54   57
 114   49   53
 108   41   46
  96   33   35
  78   18   18
  99   35   36
 116   50   52
 118   49   56
 132   62   71
 137   68   79
 137   67   79
 136   66   77
 132   62   73
  99   79   66
  91   62   50
 115   88   73
  72   41   27
  86   39   29
 102   38   28
 113   40   30
 125   45   40
 137   53   49
 141   62   57
 141   60   56
 142   60   59
 139   59   61
 134   54   57
 134   55   57
 133   56   54
 141   66   61
 171  109   99
 224  181  163
 238  204  184
 192  155  135
 153  106   88
 136   75   66
 142   71   68
 141   68   67
 136   61   61
 125   47   47
 132   56   54
 135   64   60
 140   75   69
 146   81   76
 149   80   80
 124   61   63
  90   32   38
  60   13   18
  40    2    4
  44    6    7
  65   21   21
  87   33   32
 117   52   53
 136   72   71
 158   97   94
 159  104   96
 170  131  115
 223  192  171
 194  164  144
 194  159  143
 149  100   90
 129   70   63
 126   64   61
 119   53   54
 113   47   51
 111   45   49
 106   39   44
  91   28   30
  73   12   13
 103   40   41
 112   46   48
 119   49   57
 139   69   79
 141   71   83
 138   68   80
 138   68   78
 134   65   76
  96   76   63
  95   67   55
 121   96   80
  74   40   28
  97   37   32
 116   40   34
 131   51   44
 142   57   54
 145   57   55
 143   64   59
 141   59   57
 139   57   56
 138   59   61
 135   53   56
 133   51   51
 146   84   74
 181  133  117
 221  170  154
 197  157  137
 147   99   81
 128   65   54
 124   60   55
 139   70   73
 147   76   84
 141   69   72
 126   55   58
 105   37   39
 115   43   43
 139   68   68
 147   82   85
 140   78   82
 110   49   54
  68   21   25
  44    9   14
  40    0    9
  44    4   10
  62   15   20
  89   36   38
 105   47   45
 125   59   58
 138   76   72
 160  104  102
 165  116  109
 202  173  156
 245  224  201
 202  177  157
 180  140  128
 147   91   86
 124   64   60
 119   57   56
 120   55   57
 114   48   51
 109   43   47
  98   32   36
  85   21   24
  69    9    9
 105   41   43
 110   44   46
 124   54   62
 142   72   81
 141   71   83
 141   71   83
 140   70   81
 137   67   78
  89   68   60
  89   65   53
 104   77   61
  78   26   17
 111   43   37
 128   49   46
 143   62   59
 146   64   61
 141   59   56
 139   59   54
 137   57   58
 137   58   59
 134   55   54
 135   51   51
 152   82   77
 202  160  144
 198  155  138
 148   92   80
 119   60   51
 119   54   49
 133   65   64
 151   85   85
 154   85   89
 143   73   79
 128   59   63
 116   49   51
  98   35   37
 107   42   41
 131   68   69
 130   71   77
  81   28   38
  51    8   17
  39    2    8
  32    2    7
  42    6   14
  58   14   24
  81   26   38
 101   42   49
 111   50   50
 130   68   67
 139   83   77
 157  105   99
 168  126  116
 236  213  197
 225  201  179
 176  139  120
 160  108  101
 135   74   73
 122   59   57
 121   57   56
 115   51   50
 112   46   48
 104   39   42
  92   27   32
  79   17   22
  63    7    7
  97   38   37
 120   50   50
 126   55   63
 141   71   81
 140   70   82
 142   72   85
 140   69   83
 137   63   81
  89   69   63
  85   60   51
  98   66   54
  95   35   26
 122   49   43
 138   58   54
 150   71   67
 147   66   62
 142   61   57
 140   59   55
 135   56   56
 132   52   52
 130   48   45
 154   88   79
 222  182  165
 207  162  148
 127   72   63
 106   40   34
 125   56   52
 146   76   77
 160   88   91
 140   70   73
  99   36   39
 104   48   51
 110   63   64
  89   40   42
  84   32   35
  79   28   32
  76   29   34
  58   16   24
  38    2    8
  33    2    4
  34    2    5
  44   11   14
  58   16   23
  71   21   30
  94   38   46
 108   49   53
 113   53   51
 135   77   73
 152  103   93
 172  122  112
 193  158  143
 252  231  212
 197  166  146
 143   97   83
 132   77   73
 122   59   60
 124   60   61
 126   62   63
 118   54   54
 103   39   39
  94   31   33
  82   24   27
  72   18   22
  54    6    6
  96   40   39
 122   52   55
 124   53   61
 137   68   77
 141   70   82
 143   75   86
 146   76   87
 138   65   80
  90   71   68
  78   50   45
  91   52   46
 106   38   33
 130   53   46
 147   66   61
 150   73   66
 144   63   59
 143   62   58
 140   60   55
 132   52   50
 133   50   48
 159   94   83
 225  197  172
 224  198  173
 131   73   64
 103   40   37
 127   58   56
 135   68   67
 152   87   88
 122   58   60
  79   24   25
 134  100   97
 198  182  175
 239  225  220
 139  114  113
  44    6    9
  57   16   22
  43    7   11
  36    8    9
  33    9    8
  35    7    5
  50   12   14
  66   20   25
  77   24   30
  88   32   37
 100   42   45
 111   53   51
 114   54   49
 138   84   75
 172  129  114
 197  164  146
 231  210  188
 218  187  168
 158  110   96
 122   69   60
 117   57   57
 122   57   62
 133   68   71
 134   69   73
 123   58   62
 101   37   39
  85   26   26
  72   22   22
  60   16   17
  47    6    7
  88   37   38
 120   51   56
 126   55   63
 136   66   75
 141   70   83
 144   76   85
 148   78   87
 145   72   84
  98   81   76
  90   63   56
  96   50   45
 110   41   36
 136   57   47
 151   70   61
 144   66   60
 142   61   58
 141   61   57
 139   59   55
 136   58   53
 174  107   97
 222  183  162
 250  232  203
 161  120  100
 114   48   43
 126   60   61
 121   59   59
 122   63   64
 107   53   54
  77   30   29
 189  162  154
 245  240  228
 232  236  223
 173  164  159
  65   50   48
  32    4    6
  41    9   10
  42    9    9
  43   10    8
  50   19   14
  57   17   14
  63   16   15
  75   22   23
  91   32   34
  99   39   41
 105   48   49
 112   52   54
 120   58   55
 168  118  107
 201  171  151
 242  224  200
 220  196  173
 148  105   87
 119   63   56
 115   57   56
 123   63   65
 132   70   74
 137   74   78
 134   71   74
 116   54   55
  96   34   35
  81   27   27
  65   21   22
  51   14   16
  48   14   14
  79   33   34
 121   52   56
 126   55   62
 139   68   80
 141   70   83
 146   76   86
 150   79   87
 146   74   82
 108   90   81
 106   80   69
  97   47   40
 108   42   34
 135   58   46
 147   66   55
 142   63   57
 136   56   52
 138   61   55
 145   69   63
 158   91   81
 231  198  175
 209  179  156
 167  117  100
 130   77   64
 133   71   66
 112   50   50
  97   41   42
 103   51   53
  65   18   21
 150  111  108
 233  208  195
 165  147  135
 101   80   74
  32    8    8
  18    2    0
  28   10    8
  38   12   11
  51   14   14
  60   17   17
  67   23   20
  72   17   15
  75   19   17
  90   32   31
 102   41   40
  99   39   40
 106   49   53
 125   70   70
 138   85   73
 204  165  143
 214  192  161
 205  176  153
 144  103   87
 108   55   47
 109   52   52
 125   69   72
 135   79   80
 136   80   82
 135   76   81
 125   66   68
 108   50   49
  89   33   32
  74   26   27
  54   16   20
  44   12   17
  39   11   12
  70   31   30
 123   55   58
 126   55   61
 136   66   79
 141   70   83
 143   71   83
 151   79   86
 148   77   81
 114   94   84
 115   86   74
 105   53   43
 108   40   31
 142   65   53
 141   60   49
 139   61   54
 139   62   53
 149   78   68
 168  103   90
 191  137  122
 219  189  166
 165  120  101
 124   57   47
 150   92   84
 133   71   69
  92   37   37
  82   34   35
  94   49   50
  57   18   21
  80   46   42
  79   44   34
  45    8    4
  34    1    0
  38   11   12
  31   14   12
  29   13   11
  47   16   14
  65   19   19
  69   19   18
  73   23   20
  81   22   22
  98   37   38
 111   47   48
 107   48   47
 103   47   47
 127   73   76
 158  108  106
 167  124  109
 197  163  141
 163  129  103
 125   78   64
  99   49   42
 101   46   47
 115   60   64
 133   80   83
 141   87   91
 134   79   84
 122   65   72
 112   56   60
  96   40   41
  74   25   25
  59   19   20
  41   12   14
  32    8   12
  28    5    7
  54   20   20
 111   48   54
 127   57   63
 138   67   81
 140   69   82
 143   73   82
 151   81   84
 150   79   81
 108   86   73
 107   76   63
 110   57   46
 101   32   24
 139   61   50
 143   63   51
 138   60   53
 151   75   65
 168  102   88
 188  132  114
 200  154  135
 164  107   92
 120   53   42
 132   68   58
 154   90   85
 122   62   61
  77   29   30
  70   29   30
  71   34   35
  56   25   27
  39   12   11
  42   11   10
  38    9   11
  36   17   16
  36   19   17
  31   16   13
  42   18   18
  59   21   20
  78   26   25
  85   28   27
  85   31   29
  94   40   38
 109   52   51
 110   52   52
 108   51   49
 106   52   51
 127   76   77
 135   83   89
 122   74   79
 120   77   75
 110   59   57
  97   45   44
  89   39   38
  94   46   43
 128   78   81
 140   89   95
 134   83   88
 121   69   75
 109   56   63
  99   45   50
  83   29   32
  60   17   18
  44   11   12
  25    3    5
  22    3    6
  23    3    6
  55   25   25
 106   48   52
 124   55   61
 142   72   85
 143   72   84
 147   76   83
 156   85   86
 148   78   78
 103   80   64
  93   60   47
 103   59   51
  98   27   22
 139   59   48
 144   61   51
 135   54   48
 153   79   67
 188  130  113
 187  135  117
 168  109   91
 133   64   52
 121   50   45
 126   61   57
 138   78   74
  94   42   42
  68   24   26
  72   36   39
  52   21   24
  39   17   16
  30   13   12
  29   11   12
  28   11   11
  29   12   12
  33   20   18
  35   21   17
  45   19   16
  67   24   23
  86   31   27
  99   38   36
  99   40   42
 104   49   47
 105   49   49
 103   47   50
 109   53   53
 107   52   54
 102   50   55
 106   53   63
 104   50   63
 101   48   57
  97   45   51
  89   41   39
  76   27   27
  77   26   29
 111   61   70
 133   83   94
 116   67   73
 106   58   62
  94   47   49
  79   34   36
  64   20   21
  43    9   11
  38    9   10
  41   14   15
  48   20   22
  52   21   24
 120   82   81
 114   60   58
 110   44   51
 140   71   83
 147   77   84
 152   80   79
 162   89   87
 153   82   83
 108   85   69
  87   59   44
 108   74   63
  96   29   23
 136   56   45
 140   57   46
 135   55   49
 134   59   51
 180  121  107
 188  137  120
 150   84   73
 134   59   54
 137   64   64
 124   62   63
  82   32   33
  65   20   22
  86   46   48
  66   31   34
  40   13   14
  28    9    7
  24    7    6
  33   14   15
  34   16   16
  37   19   18
  33   17   17
  36   20   17
  50   22   20
  70   25   24
  91   34   31
 105   42   41
 108   48   51
 109   50   52
 109   49   54
 111   52   59
 119   58   69
 123   64   74
 122   67   76
 125   70   80
 134   79   88
 128   73   79
 107   52   57
  92   41   40
  79   28   30
  57    8   11
  65   19   25
  99   52   59
 104   59   61
  94   48   50
  85   34   38
  62   17   19
  45    6    6
  51   13   13
  68   27   28
  75   28   31
  79   29   33
  87   41   44
  97   46   47
  99   35   38
 116   49   54
 149   78   88
 151   79   85
 152   82   78
 156   88   82
 152   80   79
 114   93   77
 101   77   61
 126  101   86
  96   31   25
 115   33   23
 130   48   37
 144   63   58
 131   56   51
 171  112  101
 177  125  111
 149   85   77
 143   72   71
 131   66   67
  80   29   33
  54   14   21
  68   29   33
  57   21   23
  36    5    8
  31    6    7
  28   12    9
  32   17   15
  40   22   22
  43   26   25
  45   27   27
  43   24   25
  37   17   15
  53   21   20
  73   25   26
  94   33   31
 104   38   38
 114   51   56
 118   57   63
 128   66   74
 130   68   78
 130   67   78
 139   78   86
 144   87   89
 142   86   90
 144   86   95
 140   84   89
 116   59   62
  93   36   37
  84   34   35
  70   26   28
  53   10   13
  66   22   25
  82   39   39
  72   30   28
  58   17   17
  46    1    3
  69   21   24
 100   42   45
 105   45   46
  98   39   41
  85   28   28
  77   26   24
  75   23   22
  97   33   36
 111   40   44
 147   75   83
 155   79   83
 164   97   89
 168  102   93
 160   86   83
 115   91   75
 103   82   63
 139  116   96
  92   45   29
 100   28   15
 124   43   33
 130   56   46
 138   64   59
 155   91   85
 146   88   82
 128   66   64
 112   51   52
  82   30   36
  57   16   22
  53   16   20
  46    8   13
  34    3    6
  40    8    8
  37    9    8
  30    9    8
  29   11   10
  35   17   16
  39   21   21
  38   20   22
  41   21   22
  39   17   16
  56   23   22
  74   26   26
  87   30   29
 106   43   42
 123   59   60
 140   78   83
 141   78   86
 131   67   77
 131   67   76
 126   67   68
 132   75   73
 141   84   85
 145   85   87
 144   82   85
 121   63   66
  95   40   40
  83   33   34
  80   32   35
  64   21   22
  49    9   10
  50   14   13
  43   10   11
  37    2    5
  72   24   24
 126   62   68
 136   68   72
 125   58   60
 121   56   57
 109   46   48
  87   30   33
  78   26   28
  90   31   36
 115   45   52
 136   64   70
 146   70   75
 171  104   98
 193  135  123
 169  103   95
 111   88   73
 104   86   66
 137  113   92
  82   50   30
  81   30   15
 110   41   32
 113   46   37
 110   44   41
 114   51   49
  96   37   36
  76   20   20
  64   14   16
  56   13   18
  42    7    9
  41    5    3
  56    8   11
  66   19   21
  73   25   26
  73   28   30
  65   25   27
  42   11   11
  31    7    5
  33   12   13
  33   12   14
  36   16   17
  40   18   17
  54   20   20
  72   23   23
  95   39   38
 121   60   59
 135   71   69
 141   77   80
 136   71   76
 127   63   71
 139   78   76
 159  105   93
 128   67   60
 128   66   64
 133   72   69
 131   65   67
 115   55   57
  98   43   43
  87   34   36
  79   27   32
  70   25   27
  53   14   15
  38    4    6
  30    1    5
  50   11   16
 110   55   55
 143   73   78
 143   73   77
 141   72   74
 135   66   68
 127   58   62
 100   37   42
  79   23   25
  78   18   22
 113   43   49
 127   55   59
 138   62   65
 149   83   82
 215  163  156
 184  130  124
 107   87   73
  95   79   63
 129  107   88
  69   42   27
  62   30   19
 103   60   52
  99   51   45
  88   42   37
  75   29   26
  65   20   20
  87   39   41
  69   23   25
  42    1    2
  50   11   11
  69   22   21
  93   31   29
 118   53   49
 110   47   47
 102   45   45
 101   47   49
  80   36   36
  56   20   20
  41   12   12
  35   12   13
  34   14   15
  41   18   17
  51   16   16
  79   30   30
 114   58   57
 134   73   72
 140   76   75
 133   66   67
 131   64   67
 132   63   70
 169  109   98
 242  202  177
 191  146  131
 141   80   76
 133   69   65
 122   54   54
 117   56   56
 103   45   47
  93   37   41
  83   28   34
  66   20   24
  59   20   24
  44    9   15
  28    0    3
  67   24   27
 130   64   65
 143   70   74
 145   74   75
 158   86   87
 147   77   77
 133   61   64
 112   44   47
  93   32   33
  89   23   26
 106   37   39
 123   52   53
 138   64   63
 128   58   57
 211  155  151
 231  185  177
  94   75   62
  77   59   45
 108   87   71
  69   42   31
  41   16    9
  81   58   48
  79   54   47
  57   31   24
  50   24   19
  63   32   30
  73   30   32
  65   16   19
  69   20   21
  90   36   36
 106   43   40
 131   63   56
 172  105   93
 142   76   72
 107   46   44
 103   46   45
  88   37   38
  72   28   30
  57   22   22
  42   15   15
  32   13   13
  41   20   19
  57   24   25
  94   46   46
 128   71   71
 136   74   74
 135   71   69
 134   67   67
 133   66   68
 136   67   71
 168  108   95
 214  184  158
 240  218  200
 200  157  148
 135   68   62
 121   50   50
 118   55   53
 114   53   53
 105   44   45
  89   31   36
  69   21   27
  58   20   24
  51   17   23
  33    1    7
  71   24   28
 133   61   63
 139   64   66
 140   70   70
 160   89   87
 160   90   87
 140   67   66
 124   52   55
 106   40   40
  95   25   27
 104   34   36
 122   50   50
 139   64   62
 134   58   53
 161   96   87
 228  177  162
  97   81   66
  68   50   36
  84   64   51
  77   54   42
  53   31   21
  53   34   27
  52   33   27
  39   20   14
  53   34   28
  66   36   33
  60   16   15
  80   26   25
 104   41   41
 117   48   46
 125   56   47
 138   70   59
 166   98   85
 153   84   78
 118   54   52
 105   45   47
  89   37   38
  72   26   26
  63   21   23
  55   18   20
  32    3    3
  24    0    0
  63   26   28
 104   55   56
 124   64   65
 128   63   63
 129   64   64
 129   59   63
 138   71   71
 147   82   79
 161  102   86
 183  150  127
 252  243  222
 204  174  156
 120   54   47
 126   52   55
 116   53   48
 119   54   48
 121   54   48
  94   34   37
  69   21   25
  56   19   19
  52   17   21
  48    9   17
  69   19   26
 128   57   59
 137   64   64
 137   66   67
 145   73   72
 152   77   73
 144   67   64
 131   55   57
 120   46   47
 104   33   33
 101   29   32
 115   42   43
 128   52   51
 137   59   56
 147   75   67
 180  118  104
 107   95   77
  78   63   46
  87   69   53
  78   56   42
  75   52   40
  62   42   31
  59   41   32
  49   35   24
  57   34   26
  61   21   19
  95   34   34
 119   51   50
 125   52   50
 125   52   48
 123   56   47
 127   59   48
 143   75   62
 137   68   62
 117   53   51
 103   43   45
  90   35   36
  81   30   29
  69   24   25
  46    3    5
  85   44   43
 100   63   61
  67   22   23
 111   58   59
 121   58   60
 125   58   59
 129   61   61
 129   57   60
 138   73   70
 147   87   80
 162  105   89
 224  187  164
 244  222  198
 148  103   85
 118   48   43
 123   53   54
 113   49   45
 114   49   45
 120   54   48
  98   39   41
  71   21   26
  58   18   21
  54   17   22
  48    8   16
  61   12   16
 126   55   55
 141   68   65
 142   70   71
 145   71   70
 140   63   60
 140   61   58
 133   54   54
 132   57   55
 118   44   42
  99   27   30
 115   42   43
 122   46   45
 132   53   51
 143   68   64
 167   98   89
 111   91   73
  98   76   58
 113   88   71
  95   70   54
  66   45   30
  65   46   32
  69   51   40
  65   45   33
  59   24   18
  90   29   32
 128   57   56
 126   57   51
 125   54   46
 127   56   48
 124   56   48
 132   64   53
 137   69   56
 125   57   50
 111   47   44
  97   38   40
  88   30   31
  81   25   23
  56    4    4
 132   90   90
 253  242  240
 189  165  164
  76   33   38
 117   62   65
 129   63   65
 128   56   59
 126   58   57
 134   70   66
 142   88   79
 173  128  113
 199  157  137
 217  184  158
 182  141  117
 132   67   53
 125   52   48
 124   56   57
 118   53   49
 113   46   42
 116   50   44
 101   41   43
  73   22   27
  60   17   20
  56   16   22
  53   10   19
  67   18   20
 124   53   50
 151   78   73
 165  100   98
 175  109  106
 152   84   78
 138   64   59
 136   55   52
 134   56   52
 120   44   41
 102   30   32
 118   45   46
 126   49   48
 123   44   44
 133   55   54
 151   74   70
 116   93   71
 103   77   57
 138  109   92
 100   71   57
  56   33   20
  73   54   39
  82   59   46
  72   41   32
  76   23   19
 118   48   49
 128   55   50
 120   50   43
 122   53   45
 124   57   47
 138   76   62
 142   87   71
 143   84   68
 124   59   48
 107   43   38
  94   31   33
  78   21   20
  85   26   23
 118   67   64
 242  219  211
 198  181  185
  87   51   55
 103   48   54
 126   66   72
 127   66   70
 125   62   62
 133   71   67
 148   94   86
 181  139  127
 220  190  174
 219  188  163
 184  144  121
 152   96   81
 133   64   57
 132   61   60
 137   72   72
 128   65   65
 114   51   51
 112   47   48
  97   37   37
  70   21   23
  60   15   20
  57   14   22
  53   13   21
  71   21   24
 128   55   52
 157   81   77
 186  121  114
 216  171  156
 192  145  129
 162   98   88
 139   63   58
 133   53   52
 128   51   50
 118   41   38
 112   36   34
 130   56   56
 115   42   43
 125   52   52
 140   64   65
 122  100   74
 113   88   65
 142  114   95
  96   68   54
  62   39   26
  84   61   47
  95   63   52
  78   31   26
  96   31   31
 124   52   51
 125   51   50
 122   49   47
 128   58   56
 136   73   64
 177  129  109
 211  169  148
 173  126  106
 119   58   50
 100   40   36
  84   25   25
 110   56   54
 171  116  115
 167  119  118
 126   90   89
  83   33   46
 100   47   56
 117   62   66
 126   67   70
 128   69   69
 135   76   71
 164  114  103
 206  175  157
 215  180  163
 199  163  147
 180  135  117
 152   98   84
 135   72   64
 133   67   63
 141   78   77
 139   77   77
 130   69   71
 120   58   59
 111   46   48
  95   35   35
  70   22   22
  60   15   19
  59   16   21
  49    9   16
  66   16   19
 130   57   55
 142   66   63
 163  101   91
 234  200  180
 239  211  189
 209  163  146
 164  101   90
 141   66   61
 134   58   56
 128   50   46
 110   33   30
 114   39   40
 127   55   56
 116   43   44
 131   57   58
 132  111   82
 117   92   67
 146  118   96
  87   60   44
  62   39   25
  94   67   54
  94   54   47
  78   23   22
 109   44   44
 123   57   54
 116   53   51
 114   52   52
 118   59   58
 121   65   62
 133   86   77
 135   94   83
 124   79   69
 106   49   47
  96   41   39
  89   36   33
 100   52   50
 111   64   66
 102   54   59
 100   50   59
 118   60   77
 117   60   72
 113   58   65
 126   74   72
 149  101   91
 178  138  120
 218  185  162
 227  199  177
 197  162  142
 167  124  107
 145   88   78
 130   71   63
 130   71   66
 147   90   87
 147   93   90
 140   81   83
 130   70   74
 120   58   59
 109   43   45
  90   30   30
  69   21   20
  63   19   20
  61   19   20
  51   10   15
  67   17   20
 125   52   50
 135   60   56
 143   77   69
 221  188  168
 255  240  215
 228  197  174
 186  139  119
 146   79   70
 140   64   59
 138   59   55
 127   51   49
 105   30   31
 113   40   42
 119   46   47
 126   51   52
 135  111   83
 114   89   64
 139  111   89
  79   52   37
  61   36   25
  93   62   51
  88   42   35
  90   32   29
 111   51   49
 113   56   52
 106   52   52
 102   49   50
  95   44   44
  92   40   41
  87   37   37
  78   32   32
  85   37   37
  96   45   42
  97   47   44
 103   54   51
 109   60   61
 118   70   75
 120   71   78
 114   61   73
 108   53   64
 117   65   70
 141   92   91
 180  139  128
 222  188  171
 228  199  177
 205  175  152
 169  126  109
 153  106   92
 143   92   81
 133   73   71
 127   69   71
 144   92   95
 160  111  114
 144   92   94
 135   79   83
 126   66   72
 115   52   54
 104   41   41
  85   28   25
  71   22   19
  63   18   18
  60   19   20
  48   10   12
  69   18   21
 126   50   50
 136   57   53
 135   62   56
 186  140  122
 254  231  204
 225  203  172
 200  163  138
 164  101   87
 136   59   53
 145   66   62
 137   60   57
 116   42   41
 105   33   34
 115   43   44
 116   42   44
 129  104   79
 110   84   61
 128  102   80
  74   47   34
  57   30   22
  88   52   43
  87   35   29
  99   38   33
 106   49   46
 107   51   50
 111   59   60
 112   60   63
 111   59   61
 110   58   61
 113   64   67
 113   63   67
 111   61   64
 105   57   55
 113   63   64
 121   71   75
 127   72   80
 120   61   69
 118   63   66
 127   77   75
 152  108   99
 194  158  144
 220  190  170
 237  210  191
 213  180  165
 166  126  113
 127   81   70
 128   77   68
 132   78   73
 130   72   71
 130   70   75
 139   82   92
 159  108  121
 153  102  115
 138   84   94
 127   72   79
 119   60   67
 112   47   51
  93   34   35
  77   24   20
  64   16   14
  58   15   15
  56   18   18
  39    6    7
  74   26   28
 122   46   49
 129   47   44
 136   57   53
 160   94   83
 206  163  138
 223  195  163
 218  186  159
 183  129  112
 145   73   64
 144   65   60
 138   62   57
 125   51   49
 111   39   40
 108   36   37
 112   41   42
 111   89   65
  96   74   52
 122   98   79
  65   41   28
  55   29   19
  83   43   35
  85   28   24
 100   42   40
 109   54   53
 112   59   60
 114   62   64
 118   66   68
 126   75   77
 127   75   78
 124   70   76
 130   76   82
 126   73   78
 122   68   73
 122   69   73
 124   72   74
 122   67   69
 128   71   70
 148   96   86
 187  140  122
 217  186  164
 232  202  181
 212  184  163
 175  143  128
 131   91   81
 116   65   58
 116   58   55
 132   77   78
 135   80   83
 133   79   84
 138   84   90
 152  100  109
 155  102  118
 140   88  103
 128   73   85
 117   61   71
 110   51   59
 101   39   45
  82   25   28
  68   17   14
  58   15   11
  52   15   13
  42   10    8
  29    3    2
  61   22   23
 107   37   41
 125   44   44
 132   48   49
 138   63   58
 163  100   85
 204  155  132
 219  184  158
 195  151  130
 158   94   83
 151   76   70
 138   63   58
 132   54   53
 120   45   46
 107   36   37
 110   38   39
 112   91   69
 103   82   62
 109   88   71
  54   32   20
  49   22   13
  81   36   31
  95   34   32
 116   59   59
 120   66   66
 110   59   61
 107   55   56
 102   48   48
 112   58   61
 120   68   68
 128   74   71
 126   73   69
 124   71   67
 130   76   74
 131   78   73
 150   97   88
 163  113   98
 177  132  112
 185  141  122
 180  139  120
 180  139  122
 159  116  103
 139   94   86
 117   68   63
 120   68   64
 127   74   70
 133   76   77
 137   78   87
 137   82   93
 135   84   94
 140   91   99
 147   97  108
 137   84  102
 122   70   86
 114   59   73
 103   48   60
  96   37   48
  93   33   41
  76   21   26
  66   17   16
  55   14   11
  46   14   11
  37    8    5
  26    3    1
  43   12   13
  93   27   33
 118   38   40
 128   48   49
 138   61   59
 150   79   70
 172  108   92
 195  147  125
 190  143  123
 167  103   91
 169   99   90
 146   73   67
 132   52   52
 126   49   51
 112   40   41
 108   35   36
 135  107   89
 122   98   75
 111   90   71
  48   29   20
  41   11    7
  82   34   31
 118   63   62
 138   78   79
 118   64   58
 125   73   62
 134   92   76
 153  108   95
 150  102   93
 127   77   68
 142   88   78
 157  103   93
 151   96   87
 162  109   99
 160  108   97
 174  122  111
 175  123  109
 157  107   90
 147   95   83
 139   88   78
 133   82   78
 118   67   65
 116   63   66
 125   71   70
 131   76   75
 133   78   81
 133   79   82
 136   82   95
 138   83  106
 140   86   97
 139   88   98
 131   80   92
 119   69   78
 112   61   68
 104   49   57
  93   36   44
  85   27   36
  77   22   28
  70   20   25
  61   16   19
  51   13   13
  43   10    9
  37    9    6
  31    7    2
  34    5    4
  70   19   24
 104   33   34
 125   45   45
 141   57   57
 146   68   62
 147   79   69
 158   97   83
 167  108   94
 171  113   99
 180  125  107
 166  102   92
 139   64   65
 136   55   58
 129   50   50
 111   40   38
 133  106   87
 119   95   71
 109   88   69
  41   17    9
  49   11    7
  91   40   36
 135   83   79
 126   72   68
 125   76   66
 196  157  138
 226  205  188
 255  255  235
 171  146  124
 132   74   63
 137   79   74
 141   84   77
 143   86   80
 150   95   89
 141   86   81
 131   76   71
 135   80   77
 116   61   61
 123   66   69
 126   70   73
 118   67   66
 122   70   72
 126   74   78
 130   77   82
 133   80   86
 134   80   89
 135   82   91
 142   89  102
 140   86  105
 139   85   97
 130   77   88
 121   68   78
 110   59   66
 106   49   56
  99   37   44
  90   30   38
  81   24   30
  67   17   21
  60   16   18
  53   13   15
  44   12   11
  39   12    9
  36   10    7
  37   11    6
  48   14   12
  63   15   19
  86   25   26
 113   42   41
 129   50   51
 137   62   57
 142   73   68
 144   78   77
 148   85   82
 153   92   89
 162  104   93
 172  107  100
 145   73   73
 139   62   63
 138   62   61
 120   48   46
 117   90   72
 117   93   69
 102   82   63
  46   16    8
  71   25   21
 100   46   41
 131   78   71
 117   60   56
 139   83   72
 227  194  170
 248  237  212
 229  212  192
 136   93   80
 124   63   58
 126   66   65
 111   51   49
 119   59   58
 128   69   71
 124   64   67
 120   61   63
 128   68   71
 121   62   66
 123   63   71
 126   67   75
 127   76   77
 135   83   87
 134   80   87
 134   83   93
 135   84   97
 138   86  103
 138   85  102
 146   91  105
 142   89  102
 130   77   91
 120   64   76
 115   59   67
 102   48   53
  90   33   38
  81   23   27
  71   20   22
  67   21   21
  60   16   18
  54   14   15
  47   13   12
  37    7    5
  39    7    6
  48   13   14
  60   24   22
  62   24   19
  59   14   18
  69   18   19
  90   29   29
 111   38   39
 124   51   48
 137   67   65
 147   76   79
 146   79   80
 146   82   82
 149   85   83
 161   94   93
 150   81   79
 144   72   71
 147   72   72
 126   52   51
 124   96   73
 118   96   72
 110   89   71
  71   32   22
  84   29   23
 107   50   46
 121   67   63
 123   61   59
 127   66   61
 165  115  103
 168  130  111
 137   88   75
 114   57   53
 122   63   62
 126   65   64
 122   62   61
 123   62   61
 124   63   64
 126   64   66
 128   66   69
 128   66   72
 129   67   76
 131   69   79
 131   71   81
 130   77   87
 135   82   92
 136   82   93
 140   88  103
 144   93  110
 139   88  106
 135   83  102
 137   82   98
 130   74   86
 116   60   70
 104   51   59
  94   41   48
  84   30   37
  77   24   28
  68   20   20
  61   18   18
  55   17   16
  49   11   16
  46   11   13
  35    4    5
  34    4    4
  52   18   17
  74   31   31
  80   34   32
  65   23   22
  60   15   17
  63   16   18
  70   18   16
  86   26   24
 104   37   35
 116   48   45
 128   60   58
 138   69   67
 141   72   70
 143   74   72
 148   78   76
 144   74   70
 153   86   80
 146   79   73
 122   52   48
 133  105   79
 119   96   73
 111   86   70
  77   30   20
 103   40   34
 121   59   56
 119   61   59
 122   59   59
 124   64   64
 138   78   77
 133   75   77
 130   74   74
 128   70   68
 126   65   63
 132   67   67
 130   66   66
 128   64   64
 129   68   69
 130   69   72
 132   71   77
 133   73   83
 134   75   88
 137   77   89
 137   78   90
 135   81   95
 137   84   98
 140   86  100
 143   90  106
 142   89  107
 133   80   97
 126   72   89
 121   64   81
 112   57   68
 102   48   53
  88   39   40
  79   31   32
  74   25   27
  68   22   22
  60   18   18
  51   14   14
  42    9   11
  37   10   12
  25    0    0
  27    1    0
  62   29   27
  84   44   43
  93   44   43
  88   36   35
  74   29   28
  65   20   19
  60   15   14
  63   19   15
  66   16   12
  84   26   22
  95   32   29
 101   38   36
 115   48   47
 122   53   53
 129   60   57
 127   59   54
 127   58   55
 154   87   77
 154   88   75
 124   54   46
 125   99   73
 119   94   71
 114   83   69
  79   25   16
 122   51   44
 129   58   55
 117   52   49
 125   63   61
 130   69   70
 140   81   85
 150   94  106
 146   90  102
 137   78   86
 132   71   80
 128   68   77
 129   69   78
 130   70   79
 132   76   85
 133   78   88
 137   81   94
 140   85  100
 141   87  103
 140   86  102
 144   89  106
 145   90  108
 140   86  103
 138   83  101
 135   80   95
 128   72   87
 121   66   82
 119   62   78
 110   53   67
  98   47   53
  86   39   40
  79   31   31
  69   25   24
  58   19   16
  49   12   10
  42    8    8
  35    6    7
  34   10   11
  22    3    2
  45   21   17
 164  136  123
 128   89   79
 103   56   51
 102   51   50
  88   36   36
  80   31   28
  72   27   23
  40    0    0
  35    0    0
  39    0    0
  49    0    0
  71   14   12
  86   27   26
  93   32   32
  99   35   36
  96   33   32
  99   36   34
 112   50   49
 129   66   58
 150   85   73
 136   67   61
 114   87   62
 108   83   62
 118   80   69
  87   26   18
 131   54   48
 127   50   47
 115   46   42
 124   59   58
 128   66   70
 133   72   81
 151  100  111
 152  104  117
 143   91  111
 136   83  105
 137   84  103
 136   83  102
 138   86  104
 139   88  101
 140   87  101
 142   88  106
 143   91  109
 142   91  109
 142   90  109
 140   89  108
 137   83  102
 132   78   95
 125   71   89
 119   63   78
 114   57   70
 111   54   66
 106   48   61
  96   40   51
  81   33   37
  70   29   27
  62   18   20
  49    9   12
  42    9   10
  37    7    7
  35    6    5
  34    9   10
  35   12   13
  24    0    0
  82   51   45
 185  150  135
 110   69   57
  78   36   28
  85   42   37
  73   26   25
  90   41   36
 165  123  116
 162  127  117
 136  108  102
 141  109  104
 135   97   92
  82   36   32
  60    7    6
  80   22   21
  84   24   24
  85   27   26
  95   37   36
  98   40   39
 104   45   42
 116   56   52
 121   59   58
 110   81   59
  97   71   57
 111   68   59
  91   27   19
 130   54   49
 124   47   42
 117   47   41
 125   55   56
 128   61   66
 129   67   75
 132   76   88
 140   87  103
 143   93  114
 136   85  108
 139   85  105
 148   98  117
 146   98  116
 141   93  111
 139   89  108
 140   87  107
 140   86  105
 137   85  102
 135   83  101
 131   79   96
 122   68   84
 113   59   73
 111   58   69
 113   55   71
 108   50   60
 101   44   50
  92   36   46
  76   27   31
  66   22   25
  50   12   13
  44    7    9
  48   11   15
  53   19   26
  55   21   28
  53   19   24
  53   19   25
  57   22   27
  56   20   24
  55   17   20
  52   12   13
  51   11   12
  58   18   20
  72   29   31
  77   31   33
  74   31   28
 114   78   73
 151  121  113
 175  149  141
 208  183  175
 230  206  198
 162  130  124
  62   16   13
  78   27   25
  89   32   32
  95   40   43
  92   37   40
  88   33   36
  81   26   27
  76   21   21
  73   19   18
  96   71   47
  98   73   57
 102   56   47
  94   27   20
 132   56   52
 121   45   40
 117   46   41
 127   57   56
 130   64   65
 123   61   67
 122   63   71
 122   65   78
 131   75   92
 130   77   97
 132   80  102
 140   91  111
 141   95  115
 136   90  110
 131   83  103
 131   81  102
 133   79   98
 130   75   90
 126   72   88
 124   69   85
 118   61   76
 110   54   67
 105   49   59
 103   46   59
  99   44   51
  92   37   40
  79   27   33
  62   18   21
  48    7    9
  45    7    8
  73   27   34
  85   39   49
  87   45   56
  85   42   57
  89   45   62
  94   50   66
  97   54   70
  98   55   73
  89   44   59
  93   45   58
  90   45   57
  89   45   56
  97   49   62
 112   62   75
 103   56   67
  80   35   46
  73   32   41
  79   35   40
  87   43   46
  93   49   53
  83   41   44
  69   27   30
  83   38   42
  90   43   48
  94   42   48
  96   44   50
 102   49   55
 103   53   59
  97   49   54
  86   38   43
  88   68   42
  89   64   49
  94   44   37
 100   32   25
 130   54   50
 118   42   37
 117   47   40
 129   59   54
 132   66   66
 120   59   61
 121   59   64
 120   59   67
 119   59   73
 124   65   81
 125   67   82
 122   68   82
 128   76   90
 129   76   90
 127   73   87
 129   71   87
 127   69   84
 125   68   83
 120   64   78
 118   61   75
 113   54   68
 107   49   60
 103   45   52
  94   39   49
  87   35   39
  80   28   28
  67   17   21
  51    3    7
  60   12   16
  87   36   41
 106   50   63
 112   58   74
 115   63   81
 114   64   81
 121   71   87
 121   70   87
 123   72   90
 119   72   91
 121   71   89
 125   71   87
 119   70   83
 113   66   80
 120   68   83
 122   70   85
 121   72   86
 123   73   88
 121   70   85
 117   67   79
 108   59   69
 101   52   62
  99   50   61
 100   51   64
 100   53   66
 100   54   66
 105   55   65
 109   58   69
 118   68   79
 117   66   79
 118   66   81
 116   63   77
  90   69   48
  81   55   42
  88   35   29
 104   32   26
 124   49   43
 120   45   41
 125   51   49
 125   57   55
 129   65   65
 125   63   66
 114   51   58
 116   53   62
 115   52   65
 117   53   66
 119   58   65
 119   60   67
 120   63   70
 122   63   70
 123   62   70
 123   61   69
 122   61   70
 119   59   68
 116   56   65
 112   52   61
 108   49   57
 102   44   51
  99   40   46
  89   34   38
  76   25   27
  70   21   21
  55    8    8
  62   14   16
 101   43   49
 115   57   64
 123   68   78
 122   68   80
 118   64   76
 116   65   76
 115   61   74
 114   57   72
 110   57   71
 112   56   70
 110   59   69
 110   57   65
 116   60   67
 113   59   67
 117   62   77
 115   62   79
 118   69   82
 120   68   83
 120   66   81
 120   66   79
 117   65   78
 119   72   82
 116   68   78
 120   67   79
 114   62   76
 110   58   74
 114   61   77
 116   64   78
 117   65   76
 118   67   79
 118   66   80
 114   62   77
  95   74   54
  81   55   43
  80   27   21
 107   34   28
 120   45   40
 122   47   44
 126   52   51
 125   57   58
 128   61   63
 132   68   71
 128   63   69
 111   45   54
 111   45   56
 114   49   60
 111   49   56
 111   52   58
 113   56   62
 112   54   60
 110   52   57
 112   54   59
 112   53   60
 109   49   57
 107   47   55
 103   44   52
  99   44   49
  96   40   46
  92   35   41
  82   30   32
  73   23   24
  64   16   17
  59   15   14
  98   48   48
 120   59   62
 135   76   77
 135   78   82
 129   72   77
 121   64   68
 114   57   63
 115   54   60
 119   61   60
 131   83   73
 157  110   96
 149  107   89
 141   95   75
 131   81   65
 120   69   58
 112   59   53
 114   60   59
 118   62   68
 104   45   52
 110   48   56
 117   58   68
 113   56   66
 111   56   65
 115   61   68
 119   65   71
 116   62   71
 114   59   70
 115   59   71
 117   62   72
 123   69   75
 126   72   78
 121   69   77
 115   61   73
 102   81   60
  86   60   48
  82   29   23
 107   34   27
 125   50   44
 125   50   47
 130   54   54
 132   61   63
 135   65   68
 137   70   74
 145   77   81
 134   66   72
 116   47   57
 110   43   53
 103   43   50
  97   38   44
  99   42   48
  98   42   47
 100   43   49
 100   44   49
  99   43   49
  96   41   47
  96   40   46
  94   39   45
  90   36   41
  89   35   39
  91   38   42
  84   34   36
  69   22   22
  51    7    6
  65   23   21
 105   52   51
 125   63   61
 143   82   74
 135   75   71
 123   62   60
 120   58   57
 126   65   61
 140   79   71
 169  119  102
 213  181  154
 227  205  178
 227  208  178
 212  183  153
 205  173  147
 202  170  147
 194  156  134
 161  118   99
 174  130  114
 164  117  103
 137   86   73
 139   88   79
 135   83   75
 118   63   56
 109   54   49
 110   54   54
 109   53   55
 121   65   69
 118   63   66
 115   59   60
 120   66   64
 121   65   64
 119   61   63
 120   62   66
  97   74   56
  87   61   47
  81   30   23
 106   33   29
 122   45   42
 125   47   46
 128   52   52
 135   63   65
 140   69   73
 140   71   78
 142   73   79
 150   80   86
 141   70   79
 121   52   61
 109   43   51
  96   34   41
  84   26   33
  80   28   31
  83   32   36
  86   35   39
  86   34   39
  84   32   37
  85   33   39
  83   32   38
  77   30   33
  79   30   34
  80   30   34
  74   25   27
  62   17   17
  54   12   12
  61   19   18
 118   64   61
 142   79   72
 132   70   60
 127   65   57
 121   58   51
 133   70   62
 152   90   79
 172  118  102
 209  173  152
 247  233  207
 255  250  228
 247  234  212
 206  184  162
 206  182  159
 219  195  171
 222  191  169
 195  162  140
 221  192  163
 237  207  178
 197  167  139
 185  151  125
 187  149  125
 178  136  113
 154  107   89
 138   86   75
 122   66   59
 127   68   65
 128   67   66
 125   66   64
 118   61   56
 118   58   54
 117   54   54
 120   58   58
  94   68   54
  85   59   44
  74   24   18
 101   28   28
 126   45   47
 127   45   47
 124   49   48
 132   60   62
 144   72   78
 141   72   83
 141   73   82
 144   74   82
 146   77   84
 140   70   79
 134   64   74
 131   67   77
 118   59   71
  98   49   53
  87   39   42
  77   30   33
  75   28   30
  75   29   32
  68   24   29
  59   17   23
  53   16   19
  57   15   18
  62   15   18
  65   14   17
  74   25   26
  75   29   29
  77   31   30
 133   79   72
 150   86   76
 134   70   64
 130   66   60
 128   65   55
 147   83   71
 167  108   92
 178  131  111
 197  164  139
 214  194  165
 215  193  166
 193  159  135
 171  135  109
 176  144  115
 182  150  123
 168  135  111
 173  140  118
 210  181  155
 221  195  168
 222  197  170
 216  188  162
 189  158  133
 196  164  139
 193  158  133
 172  131  108
 151  101   84
 137   79   67
 137   77   68
 140   80   71
 138   80   70
 131   68   64
 123   57   58
 125   59   59
  88   63   48
  87   61   46
  80   30   24
 101   28   28
 126   46   47
 126   45   47
 124   49   49
 135   63   65
 144   73   79
 142   72   83
 143   77   85
 143   78   84
 140   74   80
 139   73   82
 144   79   94
 154   95  110
 156  102  118
 145   93  101
 128   77   82
  96   45   46
  71   22   23
  57   13   15
  43    5    7
  31    0    1
  40    7   10
  57   16   17
  70   22   19
  85   29   27
  93   37   34
  87   33   30
  87   35   32
 120   62   58
 138   72   63
 136   70   64
 132   65   57
 136   70   59
 149   81   68
 162  105   87
 162  117   96
 165  119   98
 160  116   94
 150  109   85
 148  101   78
 160  113   87
 187  151  122
 199  168  141
 186  158  133
 173  147  122
 196  169  142
 214  189  162
 215  194  165
 227  205  176
 214  189  161
 200  172  145
 192  163  135
 184  151  123
 174  132  110
 161  112   95
 149   98   79
 154   99   82
 163  105   88
 162  100   88
 132   67   62
 120   56   54
  88   62   47
  98   71   56
  94   43   37
 100   28   27
 128   47   48
 124   43   44
 124   49   49
 137   65   67
 144   73   79
 144   74   86
 143   79   86
 145   83   88
 140   77   82
 138   76   85
 144   84  101
 150   95  113
 148   98  116
 140   86  100
 132   79   85
 100   49   47
  74   25   24
  53   12   14
  34    3    3
  30    3    5
  55   17   23
  80   31   32
  95   35   31
 105   41   36
 108   45   41
 101   41   35
  93   35   31
 111   51   47
 129   61   52
 129   60   55
 128   60   51
 134   65   53
 142   74   58
 151   88   75
 154   99   90
 159  106   95
 154  104   92
 148   99   84
 150   97   82
 160  112   92
 177  140  114
 207  177  149
 227  204  177
 221  201  174
 223  197  171
 231  210  181
 220  201  171
 218  200  171
 218  198  168
 219  196  168
 204  180  150
 201  177  145
 197  163  136
 198  157  134
 177  132  114
 157  106   91
 151   92   80
 156   93   81
 131   67   57
 117   51   49
  96   69   50
 113   82   65
 104   56   49
  93   19   19
 130   46   46
 128   47   47
 125   46   45
 129   55   56
 147   76   83
 147   78   92
 143   80   89
 144   82   91
 139   75   87
 140   78   92
 151   98  115
 149   99  120
 138   86  104
 133   74   93
 121   59   67
  95   36   35
  76   24   27
  52   14   19
  34    5    6
  50   13   17
  79   29   36
  94   31   34
 108   42   36
 122   54   49
 129   58   57
 128   61   57
  99   35   32
 104   43   38
 119   54   48
 119   52   44
 126   57   47
 132   63   52
 138   68   57
 144   77   68
 147   86   80
 155   96   92
 156   99   97
 150   92   87
 149   94   83
 166  115   98
 171  127  106
 175  139  116
 198  170  144
 218  193  167
 228  203  179
 230  208  183
 232  211  186
 232  211  186
 225  205  179
 223  202  176
 231  211  186
 238  218  190
 231  206  175
 212  180  156
 171  125  112
 144   90   80
 129   69   60
 123   57   55
 123   56   57
 123   57   58
 100   72   50
 117   87   68
 120   78   66
  84   18   15
 119   40   41
 126   48   48
 126   46   48
 130   55   59
 143   74   83
 145   81   96
 141   81   94
 141   81   94
 140   80   96
 147   88  105
 156  106  124
 146   96  117
 137   81   97
 129   69   83
 115   51   56
  93   32   31
  74   20   24
  50   10   14
  38    4    5
  69   22   26
  95   38   42
 105   37   39
 119   51   46
 130   61   57
 137   66   64
 132   63   60
 104   40   37
 100   38   37
 115   50   47
 121   54   48
 128   59   51
 132   62   54
 137   67   59
 141   74   67
 144   81   77
 143   82   80
 143   83   83
 142   83   82
 147   91   85
 167  115  102
 172  120  106
 159  111   97
 149  104   89
 167  126  108
 184  151  126
 191  160  134
 209  180  154
 231  207  179
 218  196  168
 213  191  162
 215  191  164
 212  182  156
 195  161  134
 163  122  104
 137   81   77
 128   68   67
 125   62   61
 127   63   66
 128   65   70
 129   67   71
 107   77   53
 118   90   68
 140  104   86
  82   25   20
 101   31   33
 119   44   47
 128   48   53
 129   51   59
 139   71   82
 151   93  108
 149   95  110
 142   88  105
 143   88  108
 149   95  116
 147   99  121
 137   88  108
 133   74   86
 123   62   69
 111   45   47
  94   29   30
  75   18   23
  50    7    8
  46    5    6
  86   29   34
 106   41   41
 122   49   49
 132   62   59
 137   68   65
 141   71   69
 130   61   58
 102   38   35
  97   35   36
 111   45   44
 122   54   51
 127   56   50
 133   62   56
 135   64   57
 137   67   64
 139   73   74
 145   80   82
 142   79   83
 141   80   86
 141   85   84
 145   93   85
 148   96   87
 150   98   90
 148   95   87
 151   99   90
 162  115  100
 165  121  105
 157  116   99
 171  132  114
 170  131  114
 169  130  113
 162  122  107
 148  106   92
 141   93   82
 134   79   82
 121   65   70
 128   72   77
 137   83   87
 139   83   89
 136   79   86
 135   78   85
 114   90   63
 118   92   68
 146  114   94
  87   38   28
  89   23   22
 113   40   41
 124   49   50
 131   56   59
 134   68   78
 147   92  108
 153   98  118
 144   88  110
 146   89  113
 149   97  117
 141   94  112
 134   79  101
 130   67   82
 121   55   61
 110   42   45
  91   27   30
  67   16   17
  48    6    7
  63   16   19
  99   38   40
 119   48   48
 139   65   66
 145   73   73
 146   74   74
 144   73   69
 130   61   56
 110   45   43
  93   29   30
  94   30   32
 105   42   44
 115   50   49
 126   58   56
 133   64   63
 137   66   66
 138   68   70
 145   79   82
 143   80   86
 142   81   86
 139   81   83
 140   84   83
 140   87   85
 141   89   87
 145   92   89
 146   93   91
 147   95   94
 144   93   91
 138   87   85
 135   84   82
 140   89   87
 137   86   84
 134   84   82
 134   84   82
 137   83   86
 138   81   91
 139   84   93
 144   91   98
 144   92   99
 143   87   97
 138   79   92
 128   71   83
 122  105   71
 126  103   73
 145  118   91
  85   44   29
  84   23   20
 101   31   31
 112   42   42
 125   54   60
 128   63   77
 136   76   99
 140   84  110
 137   81  108
 139   83  110
 142   89  114
 132   80  106
 128   68   95
 120   55   71
 111   44   49
 111   43   48
  83   22   25
  63   15   14
  48    5    7
  78   27   31
 109   46   45
 132   60   60
 145   74   75
 147   75   76
 154   84   84
 153   85   78
 129   60   53
 111   43   43
  91   29   30
  81   20   23
  86   28   33
  99   41   43
 110   50   51
 118   55   57
 124   58   59
 128   61   61
 133   70   72
 138   76   79
 137   76   78
 139   79   81
 143   85   87
 140   85   86
 139   84   85
 140   85   86
 140   86   88
 142   90   93
 141   89   93
 144   92   95
 142   90   94
 140   88   92
 140   88   92
 141   88   91
 144   92   95
 138   86   92
 136   84   91
 138   83   93
 136   81   91
 132   76   86
 127   71   83
 120   66   79
 112   62   73
 132  117   80
 127  107   74
 133  108   78
  85   52   36
  88   39   36
  90   27   27
 102   35   38
 115   46   57
 122   57   73
 128   66   87
 133   75  101
 134   78  105
 131   75  101
 132   76  103
 125   67   98
 118   56   82
 105   43   54
 100   37   40
 103   38   42
  79   22   23
  60   12   11
  52    6    9
  87   34   38
 113   48   48
 138   70   69
 140   71   70
 138   69   69
 174  110  108
 164  102   94
 128   59   52
 108   39   40
  88   29   29
  80   22   23
  73   18   21
  78   27   28
  93   41   41
 102   47   49
 106   48   50
 113   55   55
 119   59   59
 124   64   64
 130   68   71
 130   70   72
 132   76   76
 131   76   78
 131   76   81
 136   81   85
 141   87   91
 144   91   96
 143   90   95
 141   89   94
 139   86   91
 136   83   88
 136   83   89
 132   80   84
 128   76   81
 124   71   79
 123   70   81
 120   68   80
 116   63   75
 113   60   73
 110   58   70
 104   56   66
 102   57   66
 167  167  166
 145  137  117
 108   94   78
 129  113  100
 113   97   84
  98   83   71
  80   62   51
  78   59   46
  77   58   44
  85   64   53
  75   56   47
  88   70   55
 103   79   64
  93   54   43
 114   70   54
 114   66   49
 107   49   43
 100   47   44
  93   58   52
 121   98   88
 103   82   78
  92   74   72
 102   84   77
 107   80   75
 119   86   84
 122   87   86
 141  113  103
 147  128  115
 133  112  103
 164  145  123
 155  135  114
 158  137  126
 113  104   97
 114  101   85
  87   69   55
  85   62   52
 115   99   87
 134  125  112
 154  145  133
 169  152  137
 204  196  178
 197  185  167
 161  135  115
 125   77   62
 132   67   56
 125   54   46
 125   52   44
 123   48   40
 120   47   41
 121   48   44
 103   41   37
 109   78   68
 109   85   77
 105   77   71
  96   50   46
 112   59   57
 125   69   74
 121   64   66
 108   53   47
 106   65   55
 133   99   78
 137   99   73
 102   51   41
  94   41   36
  89   79   67
  80   65   53
  82   65   56
  77   59   49
  59   44   34
  64   53   42
 134  128  120
 138  124  105
 193  162  140
 147   96   83
 140   70   59
 133   59   49
 134   60   54
 144   70   69
 153   78   79
 151   77   75
 138   64   59
 139   62   62
 108   44   42
  82   45   40
  92   64   54
  90   53   47
 113   54   54
 131   71   72
 152   88   95
 152   88   92
 128   67   67
  97   41   42
  85   49   39
 106   57   52
 115   54   57
 117   55   54
  99   88   76
  92   77   66
  44   29   23
  72   56   48
  90   69   58
  68   55   44
  70   55   46
 104   65   54
 114   39   29
 124   42   38
 138   59   55
 145   68   63
 148   72   69
 144   66   70
 145   71   72
 156   80   77
 143   64   62
 130   51   50
 111   41   40
  67   29   24
  70   36   31
 110   58   59
 137   69   73
 134   66   70
 145   80   82
 136   70   73
 122   57   60
 105   47   48
  54   17   13
 105   52   57
 132   67   74
 120   54   55
 105   88   74
 100   81   70
  44   27   24
  82   62   55
 112   90   73
 111   80   65
 111   51   45
 120   45   44
 138   61   58
 145   68   63
 144   67   63
 141   62   59
 137   56   53
 161   85   80
 191  128  116
 178  111   96
 141   59   53
 124   40   39
 112   37   38
  57   14   15
  84   35   38
 130   66   68
 132   64   66
 136   66   68
 157   93   91
 137   73   73
 114   48   52
 101   41   43
  73   22   21
 116   56   61
 133   64   76
 123   56   62
 128  109   93
 108   86   68
  71   48   35
  69   46   36
 103   58   44
 105   40   31
 123   44   44
 144   68   69
 147   70   71
 143   64   65
 134   53   51
 145   70   65
 192  131  118
 203  150  129
 179  122   98
 217  178  154
 149   82   72
 115   31   32
  97   32   34
  53   11   12
 104   44   47
 126   59   59
 148   83   80
 164  107   94
 156   97   87
 141   78   79
 114   47   52
  97   34   36
  88   28   27
 123   60   65
 139   69   84
 128   58   68
 115   91   73
 102   76   57
  85   58   36
  89   34   24
 111   34   27
 130   50   45
 142   63   64
 142   66   69
 135   57   58
 134   55   55
 176  115  106
 199  153  136
 188  139  121
 155   86   71
 157   86   63
 174  117   97
 139   68   61
 103   33   35
  54   11   10
  71   23   23
 117   51   50
 141   77   70
 187  139  122
 213  183  160
 143   85   75
 133   66   68
 114   48   53
  95   31   33
 100   36   36
 127   59   66
 139   67   82
 131   61   71
  99   75   61
  89   61   47
  84   37   24
 117   41   32
 136   54   50
 143   62   59
 139   59   63
 131   51   53
 150   76   71
 201  153  138
 205  168  150
 155   97   88
 135   63   59
 128   50   47
 151   81   72
 158   90   82
 120   52   55
  62   14   17
  45    7    7
  97   39   40
 142   76   75
 164  113  101
 205  174  152
 177  138  123
 129   68   62
 121   55   57
 110   44   48
  86   23   25
 104   39   41
 129   59   68
 139   69   81
 135   65   76
  98   76   64
  93   58   45
 109   38   33
 142   59   55
 143   61   57
 139   60   59
 128   43   46
 162   98   91
 186  139  123
 154  101   88
 134   68   63
 132   59   64
 118   47   51
 110   42   42
 134   69   72
  96   41   49
  44    7   13
  41    4   12
  83   30   36
 119   58   56
 142   83   80
 198  163  151
 218  194  173
 150   97   90
 120   56   55
 115   50   51
 101   35   40
  75   15   17
 104   40   40
 134   64   72
 142   73   85
 138   67   80
  85   65   58
  95   45   37
 136   55   50
 150   70   66
 141   60   57
 126   42   42
 178  120  107
 196  157  140
 116   52   47
 133   62   62
 124   60   63
 156  117  115
 147  114  113
  64   18   21
  56   18   22
  31    3    5
  44    9   12
  75   25   32
 102   42   47
 123   63   59
 175  133  120
 228  201  182
 158  113  100
 118   56   57
 131   66   68
 113   48   49
  83   25   27
  59   13   14
 103   42   43
 134   62   71
 143   74   85
 144   73   85
 101   79   72
 103   46   39
 143   62   52
 143   64   58
 134   54   50
 178  118  105
 216  185  161
 136   81   70
 113   49   50
  98   44   46
 152  117  110
 192  182  170
  81   67   65
  27    4    3
  47   12   12
  59   18   14
  79   24   23
 100   39   41
 111   52   53
 163  114   99
 221  198  171
 158  117  101
 110   52   50
 133   74   77
 135   73   77
 105   44   44
  68   22   23
  42   12   14
  94   39   41
 136   63   73
 143   73   85
 148   77   84
 112   86   74
 107   48   38
 139   58   48
 142   64   56
 169  104   91
 193  148  128
 139   80   67
 134   71   67
  84   36   37
  66   30   32
  68   37   34
  36    6    4
  20    3    1
  45   18   17
  75   24   23
  86   30   28
 106   46   45
 105   49   47
 129   77   79
 153  112  103
 126   81   69
  90   38   36
 132   79   84
 135   82   87
 111   56   62
  79   28   29
  39    9   12
  23    4    7
  84   38   39
 135   63   74
 144   74   85
 151   81   83
 100   75   61
 101   47   39
 136   51   42
 143   66   58
 187  133  116
 151   83   72
 126   55   53
  99   48   47
  69   30   34
  40   16   16
  25    7    7
  34   16   17
  36   22   20
  59   23   21
  97   36   34
 105   47   48
 108   51   54
 116   59   64
 118   65   74
 113   59   70
  93   40   43
  72   23   25
 101   53   61
 111   63   67
  77   30   32
  48   10   11
  53   17   19
  65   29   31
 101   50   50
 129   60   69
 154   83   85
 154   82   79
 114   94   77
 110   70   55
 116   33   23
 139   61   55
 159   99   90
 134   68   66
  87   35   40
  47   11   16
  43   10   13
  29    7    6
  32   15   14
  42   24   24
  39   20   19
  62   22   22
  98   35   35
 125   62   66
 132   70   79
 127   65   73
 136   77   80
 146   87   92
 109   52   53
  75   26   28
  58   15   17
  59   21   21
  53   12   13
 105   46   49
 116   51   54
  91   34   35
  82   25   27
 127   54   61
 163   93   91
 172  107   98
 113   94   77
  99   74   55
  85   36   25
 108   51   45
  88   35   35
  72   23   25
  43    6    8
  66   19   18
  92   36   35
  84   35   37
  53   19   19
  35   13   14
  38   19   19
  64   23   23
 116   58   57
 140   76   76
 131   64   70
 174  120  109
 156  100   91
 129   63   62
 109   50   52
  85   32   36
  63   20   23
  29    0    3
  87   37   40
 152   79   83
 149   79   80
 117   50   54
  84   24   27
 115   44   47
 146   76   75
 207  155  148
  89   72   58
  76   54   41
  60   37   30
  57   37   30
  52   27   23
  71   24   25
  92   33   33
 130   63   55
 158   89   80
 112   50   50
  85   37   38
  47   12   12
  23    0    0
  79   38   38
 132   71   70
 133   66   67
 131   60   61
 193  150  130
 224  198  180
 123   54   51
 118   53   50
 102   41   42
  64   21   25
  42    9   15
  99   38   43
 142   68   69
 151   79   76
 137   63   62
 105   35   36
 109   38   39
 132   56   53
 179  116  105
 100   82   64
  90   67   52
  66   45   33
  55   41   29
  68   29   25
 115   47   45
 127   54   48
 126   57   46
 135   67   57
 109   47   48
  74   18   18
  94   50   49
 147  119  117
  95   47   49
 128   60   63
 123   54   54
 149   92   83
 206  169  146
 180  138  117
 117   46   44
 119   53   48
 109   45   43
  66   20   25
  48   10   17
  94   33   35
 157   85   82
 151   80   77
 136   56   53
 123   47   45
 109   36   37
 127   49   48
 145   69   65
 122   98   75
 113   85   68
  71   49   35
  81   48   39
 104   37   37
 129   54   51
 127   60   52
 168  116   98
 142   85   71
  91   29   27
 103   47   45
 164  124  122
 139  103  109
 107   48   55
 126   64   64
 167  118  107
 208  175  158
 185  143  122
 133   68   58
 137   71   71
 125   62   63
 102   40   40
  67   20   22
  50   11   18
  95   33   33
 170  101   93
 221  183  165
 169  107   96
 132   54   51
 119   42   40
 118   44   45
 129   54   55
 134  109   82
 107   80   60
  75   49   37
  93   42   37
 112   48   46
 112   54   54
 108   53   52
 117   73   66
 106   58   53
  95   42   40
 117   68   71
 106   55   64
 101   44   56
 150  101   98
 198  161  143
 204  172  151
 166  121  106
 129   70   66
 145   90   90
 144   90   92
 124   62   66
  96   35   34
  68   21   20
  52   13   15
  96   33   34
 140   65   59
 231  202  179
 219  187  162
 145   73   65
 134   55   52
 111   39   39
 118   45   46
 118   94   70
  91   67   51
  66   33   25
  95   38   33
 108   53   53
 107   54   57
 112   60   63
 111   59   65
 109   58   61
 119   68   70
 126   70   73
 149   98   92
 199  163  146
 210  181  162
 162  122  110
 126   73   67
 129   73   73
 141   86   94
 153  102  117
 127   73   84
 110   49   56
  81   25   23
  59   16   13
  40    9    9
  90   31   34
 132   47   47
 166  104   90
 220  186  157
 173  116  100
 140   61   57
 121   46   46
 108   36   38
 123  100   78
  77   57   42
  58   20   15
 119   60   59
 120   68   64
 132   86   80
 134   84   79
 140   85   79
 145   91   85
 154  101   93
 164  114   99
 165  119  102
 155  110  100
 124   75   72
 119   65   62
 133   76   84
 139   85  100
 141   91  101
 124   73   85
 104   47   59
  88   29   38
  68   18   21
  50   14   11
  27    5    1
  59   15   17
 122   42   44
 142   62   58
 168  108   93
 177  122  106
 163   97   87
 133   55   57
 116   41   42
 129  104   82
  73   50   36
  74   28   25
 125   68   64
 170  125  109
 236  223  199
 145   99   87
 126   66   62
 138   80   76
 135   78   76
 126   69   69
 120   62   67
 120   67   70
 129   76   83
 137   85   96
 142   89  103
 140   85  100
 121   67   77
 101   46   52
  85   28   32
  69   19   23
  53   13   14
  36    6    5
  45   15   12
  56   16   16
  92   29   31
 130   54   52
 141   71   70
 150   86   84
 163  101   95
 148   76   75
 132   57   56
 126  103   79
  91   57   43
 101   42   37
 121   60   58
 145   89   83
 149  100   93
 120   60   58
 124   61   61
 122   60   61
 126   65   69
 130   69   79
 134   74   86
 137   83   95
 142   89  103
 139   88  106
 131   77   94
 116   61   71
  93   41   45
  77   25   28
  59   17   16
  44   11   13
  37    8    8
  63   28   27
  87   39   38
  64   19   18
  49    2    2
  72   12   10
 110   43   42
 130   62   61
 133   63   62
 148   80   74
 143   74   66
 121   96   73
 102   56   45
 122   47   42
 122   56   54
 131   70   75
 146   91  105
 139   83   97
 134   77   90
 136   81   93
 139   85   98
 142   89  106
 142   89  107
 138   84  102
 129   74   91
 120   63   77
 108   50   64
  84   36   39
  60   18   18
  44   10    8
  36    8    7
  20    0    0
 102   73   63
 112   71   61
  78   28   27
  99   53   47
 105   72   65
 104   66   61
  81   28   25
  86   24   23
  94   33   32
 110   49   45
 127   63   56
 102   76   58
 102   48   40
 123   45   40
 122   51   48
 128   64   69
 131   77   89
 135   83  104
 140   89  111
 141   96  115
 136   86  106
 135   83  101
 130   77   94
 116   61   76
 107   52   64
 101   43   51
  76   26   31
  50   10   11
  61   20   27
  70   32   42
  74   36   47
  79   40   51
  83   40   48
  78   35   41
  88   42   49
 103   60   63
 131   96   96
 159  125  123
  95   54   54
  78   28   30
  96   42   46
  93   40   44
  85   34   37
  87   64   46
  97   38   31
 122   45   40
 124   53   50
 126   63   64
 114   52   60
 118   56   70
 123   65   77
 126   72   82
 126   67   79
 123   64   76
 116   58   69
 108   49   58
  95   39   45
  78   28   29
  59   11   13
  88   35   41
 119   65   77
 117   66   81
 115   61   78
 112   58   75
 111   58   71
 110   56   67
 114   60   76
 112   60   77
 105   50   66
  98   47   59
 106   56   69
 107   58   72
 111   59   72
 120   69   81
 116   65   80
  89   65   50
  94   32   26
 125   48   43
 128   56   57
 134   67   70
 130   63   70
 112   45   56
 103   43   48
 101   43   48
 105   47   52
 105   47   53
 101   43   50
  96   40   45
  89   35   39
  59   14   13
  78   31   30
 135   74   73
 131   73   73
 118   58   60
 137   80   74
 186  150  132
 186  153  130
 166  125  106
 151  106   95
 143   92   87
 130   75   74
 125   71   72
 114   59   61
 116   60   67
 117   62   69
 120   65   68
 119   63   69
  89   64   49
  91   31   26
 126   45   45
 131   57   58
 141   71   78
 146   77   84
 136   67   75
 117   52   61
  98   44   50
  84   35   38
  80   30   34
  72   25   31
  65   21   25
  71   22   25
  61   16   17
  99   50   47
 143   81   71
 125   62   54
 147   84   72
 191  149  126
 237  222  194
 210  185  159
 200  172  145
 192  160  136
 216  187  159
 206  176  149
 185  149  123
 159  114   95
 130   74   64
 131   72   65
 128   69   62
 122   57   57
  89   64   49
  95   35   31
 126   42   44
 130   56   57
 144   74   83
 143   78   85
 140   75   82
 150   90  106
 150   97  112
 112   60   62
  62   17   18
  33    2    5
  54   15   18
  90   32   28
  97   38   34
 105   48   43
 133   67   60
 131   63   54
 152   88   73
 163  114   98
 153  106   88
 151  101   79
 188  154  126
 202  178  152
 217  194  167
 226  206  178
 215  191  165
 203  177  147
 188  148  125
 162  111   94
 154   93   80
 127   61   56
 109   82   62
 104   47   41
 121   39   40
 130   53   55
 145   77   88
 142   81   92
 142   82   96
 149   99  118
 136   80   97
 109   46   50
  59   14   16
  46   10   14
  93   34   37
 122   53   48
 130   61   58
 103   40   37
 119   52   46
 131   60   50
 139   70   62
 147   86   83
 146   87   86
 157  103   92
 171  127  108
 188  154  132
 211  183  157
 223  200  173
 221  201  173
 222  199  171
 200  166  142
 144   91   84
 126   63   60
 126   62   64
 123   98   72
 112   69   56
 100   28   29
 130   52   56
 143   81   94
 147   92  112
 147   93  114
 141   92  112
 127   64   74
 102   36   37
  56   10   12
  72   22   24
 125   53   54
 142   70   69
 136   67   63
 100   36   36
 105   41   41
 126   58   54
 136   65   62
 142   75   76
 142   80   85
 143   87   86
 145   92   87
 143   89   85
 151  102   93
 153  108   98
 157  112  102
 148  103   93
 136   83   84
 132   76   83
 140   85   92
 134   77   87
 133  114   80
 111   80   59
  86   25   23
 115   45   49
 130   67   86
 137   81  107
 137   82  108
 126   69   95
 112   46   56
  94   31   32
  54    9   10
  95   38   40
 139   68   67
 156   88   88
 146   78   72
  97   32   32
  78   21   24
  96   40   42
 114   53   55
 125   62   63
 133   72   74
 135   77   79
 135   80   83
 140   86   89
 142   89   94
 138   85   90
 134   81   86
 133   80   85
 131   78   87
 130   77   88
 123   69   81
 111   61   72
 129  121  109
 104   86   71
 110   95   84
 129  116  103
 146  133  117
 116   86   71
 113   62   51
 120   59   48
 112   48   43
 107   70   63
 103   82   75
 105   69   65
 127   80   81
 125   89   80
 139  111   92
 130   92   80
  86   73   62
  69   51   43
  78   67   56
 120  100   88
 157  101   87
 141   66   58
 140   61   60
 150   73   73
 139   58   56
  93   40   37
  89   53   48
 127   61   64
 145   78   83
 106   48   48
  91   45   40
 118   52   55
 105   87   72
  69   50   40
 103   62   49
 119   47   45
 131   47   48
 145   67   64
 174  109   97
 188  131  112
 142   63   57
  75   18   20
 102   44   46
 154   88   84
 149   87   84
 102   39   42
 100   41   45
 135   66   78
 101   78   60
  94   43   30
 130   47   43
 138   55   59
 161   96   90
 176  122  110
 155   87   76
 168  100   85
 102   44   43
  63   14   16
 143   81   76
 195  158  137
 136   75   71
  99   33   36
 115   48   53
 138   68   80
  92   58   49
 131   53   48
 141   58   57
 163  103   95
 153   95   85
 153   96   94
 111   56   59
  71   25   29
  50   10   16
 106   46   47
 196  158  142
 164  120  110
 117   49   52
  81   23   25
 116   50   55
 145   74   87
 107   62   53
 138   57   49
 172  110   97
 164  112   99
  87   33   36
 104   80   75
  52   34   32
  57   14   12
  93   36   36
 141   92   87
 149  109   95
 127   69   73
 106   50   53
  38    8    9
 110   52   58
 150   76   85
 108   69   55
 137   59   49
 158   95   86
  83   30   33
  42   15   16
  21    6    6
  45   16   15
 111   48   49
 124   64   70
 127   70   76
  85   32   36
  78   35   38
  77   30   32
  77   31   33
 109   47   52
 164   94   93
  92   71   56
  77   40   31
  70   27   27
  84   29   28
 109   50   47
  52   19   20
  58   27   26
 120   52   56
 163  106  101
 164  110  101
 100   37   39
  45    9   12
 116   53   56
 140   62   64
 101   31   34
 165   98   92
 104   81   63
  66   45   34
  97   39   36
 146   78   66
 121   57   50
 104   56   57
 115   71   76
 140   80   77
 187  145  125
 150   92   82
 111   46   46
  58   13   18
 129   68   65
 178  115  105
 117   40   39
 127   52   51
 109   86   64
  85   42   35
 109   46   48
 116   66   66
 111   62   60
 131   81   81
 164  121  114
 171  130  115
 147   95   92
 140   83   92
 106   46   48
  50   10   10
 115   49   48
 212  169  146
 152   84   75
 111   35   37
  92   70   53
  89   40   37
 162  121  109
 136   85   78
 137   79   75
 145   91   84
 142   95   91
 131   77   86
 136   81   95
 108   52   62
  66   16   20
  37   10    7
  75   16   19
 144   70   64
 168  106   97
 136   60   60
 109   75   57
 114   49   46
 152   99   99
 135   79   86
 131   73   82
 133   77   92
 132   78   94
 128   73   89
  86   37   41
  47    9    9
  49   22   21
  82   40   36
  82   42   37
  96   43   40
 109   44   43
 129   64   58
 100   56   44
 123   47   43
 122   60   69
 126   72   90
 133   80   95
 130   74   89
 111   54   65
  76   24   27
  77   31   37
  89   44   58
  98   53   62
 100   49   58
 113   65   74
 108   64   70
  91   40   49
 103   51   60
  91   45   35
 125   49   48
 137   69   74
 117   51   59
 100   45   49
  87   35   40
  72   23   27
  78   31   29
 133   70   67
 156  101   92
 199  169  146
 179  142  124
 172  131  118
 145   97   88
 129   74   72
 126   68   69
 101   54   44
 126   46   49
 145   79   87
 149   91  106
 123   68   77
  49    9   10
  86   32   32
 113   50   46
 127   59   50
 154   93   81
 160  112   98
 187  152  127
 221  199  170
 217  194  164
 169  123  104
 133   68   64
 116   84   62
 109   39   41
 141   81  100
 141   87  111
 105   42   49
  70   18   19
 145   73   73
 121   54   52
  98   36   37
 129   63   64
 137   76   79
 141   87   85
 149   99   97
 149  102   98
 135   82   88
 125   70   81
  92   81   70
 106   91   79
 135   89   77
 137   66   60
 114   57   52
 104   62   61
 127   74   73
 116   73   65
  88   59   46
 117   51   47
 162   87   82
 171  103   92
  96   35   35
 146   91   84
 129   64   63
 112   44   53
 126   61   52
 160   87   80
 120   80   76
  73   31   32
  95   44   46
 162  115  107
  84   33   35
 123   58   66
 107   63   51
 107   51   47
  49   17   17
  77   33   34
 152   91   87
  83   34   37
  91   36   40
 131   64   64
  84   58   46
 108   52   47
 123   68   65
 147  101   96
 166  109  103
  77   23   26
 149   89   81
 146   72   67
 109   65   54
 139   85   85
 140   85   90
 140   88   96
  88   39   50
  49   10   13
  99   44   43
 134   68   65
 114   51   45
 131   66   75
 110   57   70
  83   30   36
 109   59   58
 147  109  101
 138   96   91
 113   59   61
 114   56   50
 143   79   94
  89   37   42
 102   41   38
 136   70   64
 170  123  110
 187  151  133
 145   91   88
 113   77   67
 143   79   72
 119   64   60
 123   68   68
 118   61   53
  99   51   49
 120   67   65
 115   53   56
 108   62   56
 132   80   82
 100   52   54
 118   57   54
 128   67   71
 103   45   53
 130   82   76
 145   99   94
 117   68   61
 118   61   61
 114   62   63
 122   70   68
 118   66   64
