  68   55   53
  65   59   59
  88   93   97
  66   69   76
  51   52   63
  70   76   94
  57   67   89
  64   75   97
  75   86  106
  93  105  122
 107  115  128
  72   78   90
  64   70   83
  93   99  110
  83   90  100
  86   93  103
  98  105  115
 102  111  118
 110  116  126
 105  110  112
 155  160  155
 142  147  144
 139  144  140
 164  170  165
 143  150  144
 110  115  115
 113  118  123
 124  129  133
 109  114  118
  96  101  105
  65   71   76
  54   59   71
  60   62   76
  44   45   52
  20   19   24
  10   10   15
  26   30   35
 106  111  113
 132  137  137
 149  157  156
 121  131  130
  73   83   84
  88   95   97
  92   97   99
  69   72   78
  24   27   32
  75   79   78
 140  145  139
 135  142  134
 150  157  149
 157  164  156
 154  163  156
 136  146  141
 136  145  143
 147  156  154
 147  156  152
 131  140  137
 132  140  137
 111  117  115
  43   48   53
  97  101  106
 138  145  145
 182  192  191
 165  174  173
  46   28   25
  37   23   22
  20   10   11
  16   14   12
  77   78   79
 108  114  122
  81   90  104
  68   79   97
  99  110  126
 130  142  155
 122  130  140
 112  119  129
  88   95  105
  69   76   86
  84   91  101
  96  103  113
  94  101  111
  96  105  112
  92   99  109
 124  129  131
 170  175  170
 143  148  144
 135  140  136
 160  165  160
 137  143  138
 112  118  118
 105  110  115
 106  111  116
  95  100  104
 101  106  111
  88   94   99
  51   57   67
  59   61   74
  56   57   62
  40   40   43
  19   19   22
  68   73   75
 125  130  132
 119  124  125
 125  134  133
 126  136  135
  94  104  105
  75   82   84
 108  112  115
 106  110  115
  30   34   39
  74   78   76
 142  147  142
 147  153  148
 151  157  152
 150  156  150
 151  160  155
 124  134  131
 103  112  112
 104  112  113
 132  141  139
 138  146  146
 110  118  117
  36   41   43
  41   45   52
 146  151  153
 207  215  212
 239  249  248
 169  178  177
  96   98   95
  88   86   84
  31   25   24
  25   19   16
  93   92   91
  90   93  100
 100  108  119
 101  114  126
 108  121  130
 114  127  134
 119  127  133
 124  130  137
 125  131  138
  93  100  108
  85   92  103
  97  104  114
  99  106  116
  95  104  111
  62   68   78
 121  125  128
 186  191  186
 164  169  164
 171  176  172
 155  160  155
 132  139  133
 116  122  121
 104  109  114
  98  103  108
 100  105  109
 122  127  131
 120  126  129
  67   73   80
  60   62   73
  66   67   69
  48   48   48
  42   42   42
 117  121  120
 132  137  137
 134  138  138
 143  151  150
 144  155  154
 128  139  140
  90   96   99
 118  122  124
 109  112  118
  38   41   46
  92   96   94
 152  158  152
 151  157  155
 159  165  163
 150  156  154
 150  158  156
 124  132  133
 131  139  143
 127  135  139
 138  146  148
 135  143  144
  69   77   78
  12   17   23
 105  109  118
 225  231  229
 236  244  239
 174  183  182
 125  134  132
 150  158  162
 151  157  159
 147  150  151
  92   93   94
  70   72   76
  58   61   68
  44   50   58
  89   99  108
 107  119  127
  91  106  112
  99  110  117
 109  117  125
 117  126  134
 122  130  139
 101  108  117
 100  107  116
  99  106  115
  98  106  114
  76   83   93
 125  130  132
 191  196  192
 178  183  182
 180  184  183
 168  173  172
 160  166  165
 130  135  138
  89   94  101
  88   93   99
 113  118  122
 135  140  143
 146  153  156
  99  107  111
  54   59   64
  60   62   63
  41   44   43
  87   91   91
 141  148  149
 142  149  151
 137  143  144
 157  165  166
 182  191  192
 204  213  214
 118  126  129
 105  111  117
 104  108  115
  44   47   52
  93   97   98
 170  175  173
 164  170  168
 163  169  167
 151  157  155
 151  159  156
 156  165  164
 154  162  164
 139  148  151
 135  144  150
  90   96  107
  13   18   27
  46   52   59
 190  197  198
 230  238  234
 201  210  208
 164  173  173
 137  145  146
 141  144  151
 139  143  147
 158  163  164
 145  151  154
 114  121  125
 128  135  138
  94  100  105
  43   50   60
  91  100  109
 117  129  137
 106  117  126
 115  125  134
 118  128  137
 108  117  126
  95  102  110
  94  101  109
 100  107  115
  98  107  114
  79   86   96
 119  123  125
 166  170  168
 146  150  151
 134  138  139
 128  132  134
 160  164  168
 159  163  168
 104  108  116
  91   95  101
 119  125  128
 136  141  145
 150  156  161
 129  138  141
  69   75   78
  56   60   61
  65   69   68
 124  130  129
 129  138  140
 133  143  145
 147  155  157
 164  171  174
 171  178  181
 185  193  195
 183  190  194
 124  131  139
 125  130  137
  55   59   64
  72   77   80
 172  178  178
 146  152  150
 147  154  152
 155  161  159
 159  168  164
 182  191  189
 141  149  151
 136  145  147
  88   97  105
   3    4   20
  32   34   48
 144  152  157
 208  217  212
 164  173  170
 157  166  166
 141  149  150
 142  150  153
 129  137  141
 133  140  143
 139  147  147
 142  151  152
 138  148  150
 148  159  160
 171  181  184
  91  100  110
  52   59   68
  59   63   75
  91   97  108
 108  115  125
 111  118  128
 101  108  118
 126  133  141
 107  114  122
  83   90   98
  99  108  115
  82   89   99
 112  117  119
 156  160  158
 124  128  130
 138  142  143
 157  161  162
 147  152  155
 155  160  165
 128  133  141
 114  118  124
 112  117  121
 134  139  143
 134  140  145
 147  156  160
  99  105  108
  56   60   61
  88   92   91
 127  133  133
 117  126  128
 142  152  154
 156  163  165
 165  173  175
 153  161  163
 163  171  173
 155  163  167
 126  133  140
 142  149  155
  94  101  104
  64   73   73
 147  156  154
 154  159  158
 158  164  162
 152  158  156
 162  170  169
 124  132  134
  91   98  104
 122  131  135
  60   68   76
   7    9   25
  96   98  112
 180  187  193
 176  185  181
 145  154  151
 139  148  148
 135  143  144
 138  146  149
 119  128  133
 132  142  145
 140  150  151
 115  125  127
 116  127  130
 118  128  131
 105  115  120
 103  112  121
 109  114  124
  37   37   48
  11   13   23
  58   62   71
  89   92  101
 105  110  118
 146  153  161
 176  184  191
 135  143  149
  91  100  106
  66   72   83
 126  130  132
 199  204  201
 132  136  137
 157  161  161
 157  161  162
 128  133  135
 138  143  147
 129  134  142
 121  125  130
 119  124  128
 133  138  142
 123  129  134
 135  143  147
  93   99  101
  64   69   70
 129  133  132
 139  145  144
 130  138  139
 131  140  142
 136  144  146
 150  158  160
 147  155  157
 151  159  161
 142  150  154
 127  134  141
 140  149  154
 147  157  159
  81   91   92
 129  138  138
 178  185  182
 160  167  165
 146  153  151
 145  152  155
 111  118  123
 123  130  138
 130  139  145
 102  110  119
  36   40   57
 120  123  136
 151  158  163
 139  148  146
 147  156  154
 147  155  156
 144  152  154
 143  151  154
 120  130  139
 137  147  156
 124  135  144
 122  130  139
 112  119  127
 109  116  125
 103  111  119
  95  104  113
  96  102  109
  88   91   96
  46   47   50
   4    5    7
  41   42   43
  65   68   71
  76   83   88
 113  120  122
 155  163  162
 133  139  142
  52   56   66
 144  148  150
 164  168  165
 148  152  151
 151  155  154
 148  152  151
 120  127  124
 116  122  122
 130  135  139
 127  132  135
 135  140  143
 134  139  142
 129  134  138
 122  127  132
  72   77   80
 112  118  118
 152  158  155
 135  141  140
 151  156  159
 134  141  143
 119  127  129
  97  106  107
  84   92   94
 105  113  117
 149  157  161
 150  157  161
 134  144  146
 171  182  185
 111  121  128
  87   97  104
 164  175  175
 170  181  183
 152  163  165
 143  151  157
 140  147  154
 132  139  146
 139  146  153
 115  121  133
  59   65   81
 124  131  141
 147  155  158
 123  131  133
 126  134  136
 126  134  136
 128  136  139
 140  148  151
 125  135  144
 124  134  143
 121  131  140
 122  129  138
 113  119  127
 113  120  128
 113  121  129
 137  146  155
 124  130  137
 100  104  109
 106  108  111
  71   72   74
   6    7    9
   7    8   11
   6    8   12
   8   10   11
  30   32   31
  44   44   44
  89   91   91
 197  201  200
 145  149  148
 160  164  163
 157  161  160
 155  159  158
 132  138  136
 111  117  118
 143  148  151
 130  135  138
 118  123  126
 119  124  127
 125  130  134
  98  103  108
  71   76   79
 141  147  148
 109  116  115
 122  127  129
 141  145  150
 119  125  130
  85   93   97
  66   73   78
  80   88   92
 122  129  136
 136  143  150
 142  149  156
 140  149  154
 161  172  178
 112  122  131
  26   36   47
  35   43   55
  86   94  104
 128  136  144
 137  144  149
 132  140  144
 127  134  139
 123  131  136
 102  109  121
  76   82   98
 113  120  129
 143  151  154
 155  163  165
 133  141  143
 120  128  130
 139  147  150
 147  155  158
 127  137  146
 118  128  137
 137  147  156
 124  132  140
 109  115  123
  79   86   94
  93  100  108
 121  130  139
 108  113  121
 103  106  111
  98   99  102
 117  118  120
  44   45   48
   0    0    0
  11    7   11
  18   15   15
  17   15   12
  25   19   15
 110  110   98
 175  181  175
 146  151  152
 152  156  155
 145  149  148
 158  162  161
 161  167  165
 135  141  141
 139  144  148
 100  105  108
  78   83   86
  83   88   91
  84   89   93
  57   62   67
 128  134  137
 143  149  149
  77   82   85
 105  110  114
 116  121  128
 109  114  123
 100  107  114
  88   95  102
  93  100  107
 106  113  123
 112  119  128
 130  137  146
 140  148  157
 160  170  179
 161  172  182
  79   88  101
  28   31   46
   8   13   21
   6   10   13
  32   38   40
 145  154  156
 132  140  142
 129  136  141
  92   99  111
  97  102  119
 120  127  136
 129  137  140
 137  145  147
 123  131  133
 134  142  145
 145  153  157
 103  111  114
 118  128  137
 118  128  137
 127  137  146
 115  124  133
 122  128  138
 107  114  123
 107  113  124
  99  103  117
  83   87   98
  86   90  100
  86   88   93
  97   98  101
  81   83   83
  10   10   10
  10    5    5
  17   13   12
  19   15   13
  35   31   29
 117  118  114
 161  171  168
 155  163  164
 154  157  159
 146  150  152
 170  174  176
 151  157  157
 105  110  113
 103  108  112
  92   97  101
  82   87   90
  77   82   85
  58   64   66
  76   82   82
 122  127  130
 114  119  122
  87   92   96
  89   94   99
 103  108  112
 111  117  124
 124  130  142
 143  150  161
 137  143  154
 132  138  151
 119  125  138
 133  139  152
 124  133  145
 143  154  165
 172  182  194
 110  118  133
  48   50   70
  40   43   53
   8   11   13
  42   46   49
 137  142  145
 142  150  152
 150  159  163
 135  143  151
 144  153  159
 137  146  150
 125  132  131
 125  132  131
 121  128  127
 115  122  122
  94  100  101
  41   44   46
 123  133  142
 128  138  147
 129  139  148
 136  144  154
 147  153  164
 147  155  164
 142  148  159
 110  113  127
  92   96  107
  89   93  103
  88   89   95
  88   88   92
 102  104  104
  41   41   40
   5    1    0
  16   13   12
  11    7    6
  84   84   81
 156  159  157
 146  155  154
 154  161  160
 157  161  161
 144  148  148
 139  143  143
 132  138  138
  92   97  101
  73   78   83
  88   93   97
  88   93   96
  73   78   83
  65   71   73
  83   88   89
  84   90   94
  70   74   81
  66   71   77
  77   82   87
  82   87   92
  72   77   86
  78   84   97
 130  136  148
 136  142  154
 124  129  143
 136  143  157
 142  148  162
 139  147  160
 123  133  145
 126  136  147
 111  120  134
  59   63   83
  37   40   52
   5    6   12
  59   62   66
 153  158  161
 143  152  153
 150  158  162
 144  152  157
 134  142  144
 123  131  131
 110  116  114
  96  101   99
 109  114  112
 120  128  126
 124  132  131
 149  153  154
 120  130  139
 123  133  142
 138  149  158
 147  155  165
 122  129  139
 114  122  131
 108  115  125
 104  108  119
  92   96  104
  99  105  110
  81   83   88
  80   80   84
  85   88   88
  41   41   40
   6    1    1
   6    2    1
  45   40   40
 133  137  130
 153  158  152
 150  155  152
 157  163  160
 153  158  155
 140  144  141
 135  140  138
 141  147  148
 113  118  121
  74   79   83
  85   90   96
  74   78   85
  71   76   82
  73   78   84
  72   77   81
  78   83   90
  87   92  101
  51   54   64
  49   53   63
  79   83   93
  78   83   94
  79   85   97
 110  117  129
 145  152  163
 147  153  166
 138  144  159
 143  149  164
 148  157  170
 147  157  169
 145  155  167
 118  127  140
  78   82   97
  54   56   69
  17   18   29
  22   25   30
 161  166  168
 157  166  167
 138  146  148
 117  121  125
  90   95   96
  96  101   99
 107  112  110
 114  120  118
 148  154  152
 158  167  165
 158  169  167
 160  168  167
 120  129  138
 107  116  125
  94  103  112
 143  151  161
 118  124  134
  86   92  102
  80   86   96
  75   78   89
  70   74   81
 116  121  124
 118  120  123
  64   65   67
  79   81   81
  58   59   57
  18   15   13
  11    8    6
  82   80   78
 130  135  125
 140  145  137
 171  174  168
 170  173  168
 148  151  146
 137  142  136
 135  140  135
 144  149  146
 136  140  145
  84   89   98
  60   64   75
  71   74   85
  88   92  102
  90   94  102
  76   81   87
  68   71   81
 123  126  138
  90   96  106
  46   52   61
 102  107  117
 132  138  149
 152  157  168
 162  166  177
 127  131  146
 134  139  154
 149  156  168
 136  143  153
 128  135  146
 141  150  161
 179  189  199
 179  188  197
 139  145  155
  83   84   95
  38   36   47
  10   11   16
  67   71   73
 156  166  167
 125  134  135
  95  100  101
 113  117  118
 123  127  127
 122  128  127
 140  147  146
 154  161  160
 144  154  153
 155  166  166
 159  168  168
 131  137  148
 133  140  150
 153  160  170
 152  157  167
  94   97  108
  71   75   85
  75   79   90
 100  102  114
 109  112  118
 136  140  140
 136  139  137
  81   83   82
  71   73   72
  64   65   63
  12   14    8
   0    0    0
  77   78   73
 143  144  134
 145  147  135
 149  151  139
 158  159  148
 137  139  127
 134  139  127
 128  136  122
 132  135  127
 109  112  121
  61   66   81
  71   76   89
  98  102  113
  93   97  106
  80   85   90
  69   72   78
  49   52   60
  52   54   66
  92  100  107
  94  103  109
  94  103  108
 118  123  133
 110  112  120
 100  104  104
  62   65   71
  82   85   96
  99  109  115
 110  116  119
  99  104  111
  84   90   99
 106  112  117
 102  109  113
  38   41   48
   4    4   10
   2    0    4
  13   10   13
  12   13   15
 115  123  123
 142  151  150
 127  133  130
 148  153  155
 142  147  151
 134  142  145
 141  149  151
 145  154  156
 143  151  153
 154  162  164
 155  163  165
 144  151  161
 154  161  171
 164  171  182
 157  163  171
  91   96  102
  87   91   99
 125  130  137
 154  157  162
 156  160  160
 135  140  134
 121  124  119
  88   90   87
  42   43   40
  58   60   56
  96  100   94
 130  133  128
 125  128  123
 150  153  138
 163  165  149
 169  172  157
 147  149  132
 123  127  107
 124  131  110
 110  118   99
  85   87   84
  50   53   62
  57   62   73
  87   92  103
 101  105  114
  81   86   92
  60   65   67
  53   57   57
  56   60   63
  42   45   51
  68   74   76
  93  100  101
  95  101  102
  94   99  104
 112  115  117
 120  126  115
 120  125  116
  99  103  107
  67   77   80
  64   70   74
  72   76   84
  77   85   91
  76   83   86
  76   85   87
  75   82   86
  74   78   81
  54   54   55
   4    4    4
   2    3    2
  37   39   38
 123  128  126
 145  151  150
 140  145  147
 140  145  148
 137  145  147
 144  152  154
 147  155  157
 147  155  157
 148  156  158
 145  154  155
 149  156  165
 162  169  179
 156  163  174
 165  172  178
 150  155  159
 150  155  159
 147  152  155
 142  146  147
 121  126  121
  91   97   88
  74   77   69
  69   71   65
 131  134  127
 197  202  195
 211  218  211
 191  197  190
 156  161  155
 133  134  125
  89   91   81
 130  131  122
 145  147  135
 144  147  131
 135  141  124
  89   97   81
  50   52   52
  56   59   69
  78   83   92
  91   96  103
  87   91   97
  69   74   77
  87   92   92
 114  119  113
 123  128  125
 126  131  131
 131  136  133
 129  133  130
 128  133  129
 128  132  132
 138  143  140
 151  156  149
 120  124  123
 108  113  112
 101  112  112
 102  108  114
 113  118  124
 124  132  135
 107  115  116
  99  110  109
 106  119  119
  94  102  101
 106  108  106
  73   74   71
   6    7    4
  22   21   18
 135  137  134
 146  153  151
 131  136  137
 138  143  147
 144  152  154
 150  158  160
 142  150  152
 137  145  147
 152  160  162
 154  162  164
 150  158  161
 141  149  152
 122  130  133
 129  138  140
 137  145  147
 115  121  124
  96  102  105
 123  133  132
 101  108  105
  89   93   88
 107  111  103
 191  196  187
 211  216  207
 209  215  206
 192  199  190
 129  136  129
 111  117  112
 117  120  118
  85   88   86
  52   55   53
  48   53   49
  59   67   59
  89   93   87
  73   75   71
  52   53   57
  69   70   76
  85   86   95
  90   93   97
  66   70   71
  77   81   83
 109  113  112
 133  139  133
 138  146  140
 131  141  135
 128  134  128
 129  134  129
 146  151  146
 150  154  150
 136  141  137
 151  156  152
 104  109  106
  95   99  102
 109  114  116
 105  109  113
 104  108  111
 106  110  113
 108  112  115
  97  102  104
  92   97   99
  92   97   95
  96  101   97
 101  103   95
  31   32   26
  74   77   72
 167  171  169
 146  152  152
 153  159  160
 159  165  166
 152  161  160
 148  156  156
 144  153  152
 144  152  153
 151  159  162
 152  160  162
 108  117  117
 106  114  114
 125  133  134
  98  106  107
  82   88   90
  44   48   51
   9   11   13
  78   87   86
 124  131  129
 130  136  132
 213  220  213
 224  231  223
 181  188  181
 189  197  189
 167  176  168
 123  132  126
 123  132  129
 116  124  123
 125  133  132
 133  141  140
  80   84   84
  33   34   34
  28   26   28
  43   39   42
  50   51   56
  78   79   85
  92   92  101
  78   80   84
  51   56   56
  74   78   80
  87   91   91
 107  111  109
 138  146  143
 131  142  137
 129  137  133
 132  138  135
 148  154  151
 159  165  162
 139  145  141
 148  155  151
 101  108  104
  97  102  104
 109  113  116
 107  111  114
  99  103  105
  95   99  102
 107  111  114
 104  107  110
  98  101  103
  97  101  100
  88   93   89
  77   80   73
  68   71   66
 143  149  145
 157  164  162
 156  162  162
 168  174  174
 157  164  164
 150  159  158
 148  157  156
 140  149  148
 142  150  151
 150  158  160
 150  158  160
 120  129  127
 132  140  138
 155  165  162
 102  108  109
   0    0    1
   0    0    1
  10    9   14
  97  100  102
 123  130  127
 133  144  137
 224  235  228
 232  242  236
 220  230  224
 172  183  176
 136  148  140
 131  142  138
 116  127  126
 117  130  130
 133  146  146
 148  162  162
 120  128  130
  90   91   97
  34   33   40
   8    5   12
  34   35   38
  57   58   64
  65   65   75
  58   61   65
  44   48   48
  71   75   76
  90   94   95
  92   96   97
 133  141  140
 135  145  143
 131  141  140
 123  132  131
 114  124  123
 108  117  114
 147  157  151
 200  211  205
 136  146  140
 109  114  116
 108  112  115
 112  116  119
 107  111  114
  93   97  100
  98  102  105
 103  107  111
  98  103  104
  95   99   98
  91   97   92
  76   80   74
 121  127  123
 167  176  175
 155  163  163
 155  161  161
 159  165  165
 165  171  171
 157  165  164
 147  157  156
 142  151  150
 147  155  156
 156  163  166
 154  162  164
 113  122  117
 133  142  138
 156  166  163
 161  168  169
  55   59   63
   1    1    1
  56   56   61
 136  141  141
 105  113  111
 156  168  164
 220  231  224
 220  230  224
 196  206  202
 134  146  141
 133  148  142
  99  112  111
 109  122  122
 129  142  144
 128  141  143
 114  128  129
 126  138  142
 131  140  146
 128  136  142
  55   61   68
  11   12   19
  24   24   32
  33   32   40
  31   34   38
  35   40   42
  68   72   75
  94   98  101
  86   90   93
 121  128  130
 143  152  153
 147  158  158
 127  138  138
 129  140  141
 130  141  140
 143  152  151
 116  125  124
  88   96   96
  91   95   98
 100  104  107
 108  113  116
 110  115  118
  98  102  105
  95  100  101
  96  101  101
  98  102  102
 104  108  108
 104  108  106
  83   91   87
 132  141  138
 164  176  173
 149  158  158
 145  153  152
 158  166  166
 162  170  170
 159  168  168
 158  167  167
 150  159  160
 151  160  159
 161  171  169
 160  169  169
 124  133  128
 127  136  133
 136  144  144
 156  164  167
 113  118  124
   0    1    6
  91   92   98
 120  127  128
 114  123  123
 222  234  234
 212  223  218
 172  182  178
 135  144  144
 138  150  149
 143  158  156
 109  123  124
 119  133  135
 137  149  154
 132  143  149
  91  102  107
 122  133  139
 149  160  167
 161  173  179
 126  136  143
  50   54   65
  11   12   22
  16   15   22
  15   17   22
  14   18   22
  36   39   45
  89   92   97
  86   89   93
 125  131  134
 144  154  156
 131  143  143
 128  140  141
 118  129  130
 117  127  129
 139  147  153
 119  128  133
  90   98  103
  99  106  108
 108  114  117
 102  108  111
  98  104  107
  98  103  106
  92   99   97
  94  100   98
  92   96   94
  88   92   90
  83   87   86
  87   96   93
 127  138  134
 166  175  171
 182  191  188
 167  177  173
 149  159  155
 148  158  154
 146  153  147
 155  162  156
 144  151  145
 132  142  134
 156  166  160
 171  180  178
 151  160  157
 140  149  148
 129  137  140
 134  142  148
  97  100  110
   7    9   19
 108  109  118
 118  123  126
 128  137  139
 198  209  210
 157  169  168
 143  156  156
 127  138  143
 122  134  138
 146  161  161
 137  151  154
 138  151  157
 121  132  140
 100  110  119
 108  118  127
 121  131  139
 136  147  153
 129  139  145
 120  131  138
 111  122  132
  46   50   61
   9    7   17
  15   14   21
  15   16   20
   6    6   12
  41   42   47
 118  121  128
 148  154  160
 122  131  135
 121  132  136
 126  137  142
 101  112  116
 100  110  115
 114  125  132
 118  129  135
 144  155  161
 120  130  132
  96  106  107
  93  103  104
  98  105  108
  95   99  102
  90   96   95
  87   92   89
  93   97   92
  89   94   89
  86   91   86
  83   90   84
 106  113  107
 130  137  131
 149  157  150
 132  140  130
 120  127  118
 131  139  129
 122  127  114
 104  110   96
 105  110   96
 108  114  103
 139  147  140
 141  148  143
 165  174  174
 139  147  150
 122  129  134
 101  109  117
  60   65   77
  40   42   55
 121  123  133
 109  115  119
 121  129  133
 172  183  186
 155  168  171
 144  157  162
 107  120  128
 134  148  154
 174  188  191
 147  160  167
 143  156  164
 159  169  179
 173  183  193
 132  142  152
 133  144  152
 136  147  153
 127  138  145
 137  149  156
 129  144  155
  93  100  112
  23   21   35
   7    5   12
  15   14   20
   4    3    8
  21   22   28
 127  130  139
 134  140  148
 113  122  129
 117  128  133
 108  119  125
 118  128  134
 139  150  157
 129  142  150
  94  107  115
  83   95  103
  84   95   96
  89  100  101
  93  105  105
 102  110  113
 103  108  111
  92   98   98
  85   91   88
  85   90   83
  94   99   92
  90   94   88
  81   85   78
  75   79   73
 107  112  105
 136  141  132
 148  153  141
 140  146  134
 129  134  122
 118  121  110
 120  123  111
 126  129  117
 114  118  108
  99  104   97
 103  108  102
 139  148  149
 125  134  137
 121  128  134
 160  171  179
  69   80   94
  58   66   80
 121  129  132
 115  123  124
 116  126  129
 151  164  168
 149  162  169
 126  138  146
 134  147  155
 131  144  151
 120  133  142
 126  138  151
 151  164  171
 160  173  182
 109  122  131
 114  127  136
 128  141  150
 130  143  152
 133  146  155
 140  153  161
 158  171  180
 112  124  139
  82   95  106
   8   11   17
   2    0    4
   2    3    5
  42   44   45
 125  130  135
 127  135  142
 113  123  132
 109  120  125
  95  106  111
 103  114  117
 152  163  170
 136  146  158
  96  106  115
  87   97  104
  92  100  103
  93  101  104
  97  106  108
 110  117  122
 110  118  121
 100  109  110
  95  104  102
  83   90   85
  83   88   81
  82   85   77
  78   81   70
  77   81   69
  78   81   69
 105  108   96
 120  123  112
 121  124  113
 135  138  127
 133  136  123
 136  140  127
 133  136  122
 105  107   99
  80   81   79
 109  110  110
 131  141  143
 141  151  155
 173  183  190
 103  115  125
  42   53   65
  78   86   97
 113  121  128
 111  120  123
 109  119  124
 134  147  154
 150  163  171
 137  150  158
 151  164  172
 153  166  173
 147  159  169
 126  139  152
 175  188  196
 115  128  136
  95  108  118
 117  130  139
 110  123  132
 123  136  145
 111  124  133
 110  123  131
 111  123  135
  87   99  116
 120  132  145
  79   93  100
  15   21   26
   0    0    2
  47   46   51
 152  158  162
 183  191  198
 103  113  122
  98  109  116
 106  116  123
 112  122  129
 111  121  131
 114  124  136
  87   97  107
  81   91   98
  98  106  109
 101  109  112
  95  103  106
 100  107  112
 108  115  119
  96  105  106
 101  110  109
 111  119  116
 100  106  101
  94   97   91
 103  106   94
 106  110   96
  59   63   49
  51   55   45
  81   85   79
  81   85   79
 102  107  100
 122  127  118
 144  149  140
 123  129  119
 102  108  101
 116  119  119
 126  129  131
 136  149  152
 142  154  161
 107  119  127
  43   55   68
  33   45   54
  86   95  101
 107  113  124
 103  110  116
 105  114  123
 123  136  145
 139  153  161
 132  145  153
 134  147  155
 149  162  169
 179  192  201
 178  190  203
 143  155  163
 125  138  146
 112  125  134
  93  106  115
 108  121  130
 132  145  154
 136  149  158
 134  147  156
 108  120  134
  78   89  110
  70   81   98
  77   88  101
  72   82   94
  64   73   82
  42   49   55
  94   99  102
 140  148  155
 139  148  157
 117  127  137
 108  118  128
 111  121  131
 123  133  144
  98  108  120
  96  106  116
  99  109  115
  99  107  110
 101  109  112
  96  104  107
 102  110  114
 109  117  120
 103  112  112
 112  122  120
 105  112  113
  90   95   94
  87   89   86
  66   68   65
  31   32   31
  24   25   23
  86   89   87
 145  152  150
 147  154  152
 116  123  121
 125  133  128
 208  216  211
 109  117  112
 102  109  107
 139  146  147
 111  118  121
 110  122  133
  84   97  110
  65   77   93
  49   59   78
  38   48   59
 103  114  118
  94  103  112
  93  104  112
  89  101  111
  97  109  122
 128  140  153
 124  136  148
 122  135  144
 151  164  171
 136  148  158
  91  104  120
 100  116  128
 116  129  141
 115  128  140
  90  104  115
  99  112  124
 126  138  149
 122  134  145
 109  121  133
  95  108  124
 106  119  134
 129  142  154
  99  111  124
  76   88  102
  90  105  117
  89  103  112
  66   76   83
  61   73   81
 143  155  163
 176  186  194
 134  143  153
 130  138  152
 145  153  168
 125  135  147
 105  115  126
  90  100  110
  87   96  103
  93  103  107
  94  105  107
  93  102  107
  94  102  108
  99  106  112
 111  119  122
  40   44   43
   0    2    1
   5    3    3
   0    0    0
  46   47   48
 106  112  114
 127  136  137
 117  126  127
 117  126  127
 101  109  110
 100  108  106
 151  158  156
 130  137  135
 123  132  128
 124  134  134
  82   88   96
  65   77   91
  79   91  107
  91  102  121
  30   40   61
  62   71   83
 133  144  147
 104  115  122
 115  128  137
  95  108  119
  73   85   99
 108  120  135
 124  136  149
 118  131  141
 144  156  164
 136  148  159
 103  116  133
 103  119  133
 105  119  133
  99  114  127
  99  113  126
 109  122  135
 131  143  155
 142  154  166
 108  120  133
  75   88  104
 173  187  200
 157  171  181
  91  105  117
 102  116  130
  89  103  118
  93  107  120
  99  112  122
  77   90  100
  50   63   72
  85   97  110
 126  139  154
 128  141  159
 136  147  162
 159  168  180
 126  136  148
 111  121  133
  72   82   91
  72   83   89
  84   96   98
  96  104  110
 101  108  117
 109  116  125
  92   98  105
  17   18   18
   0    0    0
  15   13   15
  51   50   51
  86   89   90
 123  132  134
 111  121  123
 108  116  118
 100  108  110
  86   94   96
 130  136  134
 174  179  177
 232  238  236
 190  199  196
 109  118  120
  92   96  107
  99  111  124
 132  144  160
  82   93  112
  13   22   43
  91  101  113
 145  156  159
  92  103  110
 101  114  122
 133  145  156
  87   98  113
  89  101  115
 129  142  154
 126  140  149
 146  158  165
 138  149  160
 117  131  148
 118  134  148
 110  124  137
 103  116  129
  97  111  124
 125  137  150
 135  147  159
 134  146  158
 121  133  146
  81   94  110
 121  134  148
 130  144  154
 107  121  135
  93  106  123
  62   75   93
  57   69   85
  54   65   78
  65   77   90
  75   87  100
  32   41   60
  47   56   74
  71   80   95
  77   87  101
  89  100  112
 118  128  141
 139  149  161
 116  126  135
  93  104  109
  90  101  103
  91  100  105
 103  109  118
 115  123  131
  48   53   60
   0    0    1
   8   10   13
  40   45   47
  88   96   96
 123  131  133
 119  126  132
 109  117  121
 112  119  121
 107  115  117
 126  134  135
 136  142  140
 177  183  181
 209  215  213
 172  180  180
 101  109  113
  77   81   89
 100  112  126
 105  115  132
  64   73   93
  28   35   57
 116  125  137
 116  127  132
  87   98  106
  75   88   98
 108  121  132
  86   99  113
  61   72   88
 125  135  150
 137  148  159
 140  152  160
 130  141  153
 117  131  147
  98  113  127
  95  109  123
  95  110  124
  96  111  125
 129  142  156
 130  142  156
 114  127  140
 112  124  137
 112  126  142
 141  156  170
 152  166  179
 129  142  160
  86   99  119
  56   69   87
  58   71   89
  49   62   77
  47   58   74
  48   59   74
  68   72   89
  41   44   58
   4    5   15
  15   20   29
  25   35   43
  44   54   62
  61   72   80
  92  102  112
 127  138  144
 162  173  174
 162  173  177
 138  147  155
  90   96  105
  11   14   22
   3    2    7
  39   44   49
  88   97  101
 111  123  125
  93  103  106
  97  106  113
 110  118  124
 107  116  119
 113  122  125
 117  126  129
 147  154  153
 180  187  186
 134  141  140
 116  124  128
 100  108  117
  61   66   77
  75   87  103
  63   71   90
  35   40   63
  52   56   80
 108  115  129
  92  103  111
  83   95  107
  91  103  117
 116  127  141
  91  103  117
  62   72   90
 105  114  131
 160  171  183
 141  152  162
 134  146  158
  97  109  124
 109  120  137
 115  130  146
 123  140  155
 145  162  177
 108  123  138
 114  127  143
 104  117  134
  94  108  124
 118  135  149
 104  120  136
  84  100  120
  69   82  105
  68   80  102
  70   82  101
  70   83  100
  60   73   91
  60   71   87
  63   71   86
  52   56   67
  29   33   43
  14   18   30
  21   25   30
  24   28   27
  14   17   17
   0    3    3
  37   47   53
  56   67   72
  74   84   89
 114  128  133
  93  106  111
  56   61   69
  12   12   20
   2    2    6
  62   68   72
 124  135  141
 123  134  138
 129  140  143
 125  136  139
 119  130  133
 109  120  123
 116  128  131
 102  113  116
 161  170  171
 177  186  189
 106  113  120
  90   99  109
  77   87  103
  53   62   80
 104  116  132
  47   55   74
  54   59   82
  73   78  101
  86   94  107
  82   93  101
  85   97  108
  98  106  118
 113  121  134
 106  114  127
  73   85   96
  68   82   92
 112  126  137
 148  161  171
 188  201  209
 175  187  199
 144  156  171
 128  143  159
  87  103  119
  91  106  123
  97  111  128
 110  123  141
  90  103  120
  61   75   92
  76   91  108
  94  109  129
  81   96  118
  92  105  129
  94  106  128
  77   90  109
  74   86  102
  76   87  101
  72   81   93
  62   68   79
  32   36   44
  11   16   23
  21   26   33
  37   41   46
  87   89   90
  82   83   85
  20   22   23
  76   85   83
  77   85   88
  65   72   81
  94  103  109
 106  113  117
  79   83   88
  36   38   44
  46   50   53
 105  114  117
 159  172  177
 183  195  199
 148  159  163
 127  138  142
 123  134  137
 118  129  133
 193  204  208
 193  204  208
 145  155  161
 125  135  142
 121  131  140
 112  121  135
  84   92  110
  64   72   93
  67   79   95
  57   65   84
  79   84  107
  63   67   90
  92  100  112
  86   97  106
  78   90  101
  60   66   78
  47   54   65
  59   66   77
  45   52   59
  26   31   41
   7   10   24
  94  101  114
 180  194  200
 192  205  214
 158  170  182
 101  115  134
  77   92  113
  77   92  113
  83   96  117
  86   98  119
  87  100  121
  95  108  128
  88  103  123
  92  107  129
  84   99  124
 100  112  137
  94  106  128
  98  111  130
  89  101  116
  77   86   95
  73   81   89
  42   47   53
  20   25   29
   7   13   16
  33   37   42
  95  103  104
 136  147  145
 159  170  168
 106  117  116
  76   81   85
  80   85   88
  93   99   99
  86   90   92
  84   87   90
  70   74   77
  58   62   66
  81   87   90
  91  102  105
 134  150  154
 107  118  130
  79   88  103
  79   88  103
  92  101  116
 114  124  139
 120  129  144
 123  132  147
  99  111  121
  97  109  121
 111  123  138
  81   90  108
  84   92  113
  52   60   83
  55   63   81
  63   68   84
  18   22   34
   5    4   14
  43   43   50
  87   95  102
  91  100  110
  67   71   83
  67   72   81
  85   90   95
  92   96  104
  69   72   83
  35   38   50
  42   48   60
 133  144  157
 129  142  156
 110  125  140
  81   96  117
  95  109  132
  91  103  126
  84   97  120
  89  104  127
  99  113  134
 101  116  134
  94  105  127
  68   80  102
  71   82  105
  92  107  128
  81   96  118
  76   89  107
  52   63   72
  19   23   32
  28   32   40
  68   72   80
  92  101  105
 108  118  121
 148  157  160
 133  144  147
 121  134  138
 152  164  169
 131  143  148
  56   61   68
   1    1    8
  45   48   53
  75   80   84
  80   85   84
  68   73   71
  70   76   79
  98  108  112
  88   98  105
 100  111  120
 117  128  142
 101  113  128
  92  103  118
 104  114  132
 100  108  129
  86   94  115
  95  102  123
 104  112  130
 117  128  143
 109  123  134
  62   73   87
  75   82  101
  40   47   71
  67   74   87
  54   61   69
  63   67   71
 111  112  113
 137  137  139
 109  115  119
 115  123  127
 129  133  140
 117  122  127
 126  131  134
  85   89   98
  57   61   73
  58   62   73
  36   40   51
 121  128  139
 130  139  152
 115  126  141
 132  143  159
 113  124  141
  88  100  116
  71   85  104
  73   88  109
  68   84  101
  37   52   68
  52   61   80
  70   78   98
  58   67   86
  57   67   83
  50   57   77
  45   50   65
  34   39   44
  53   59   65
 120  127  133
 134  141  146
 107  117  120
 135  147  149
 154  165  166
 113  124  128
 114  124  131
  97  108  114
  99  110  116
  78   85   92
  15   14   25
  25   29   39
  64   72   78
  88   96   95
  67   75   73
  73   81   85
 105  117  121
  98  108  116
 102  111  121
 125  137  149
 121  134  148
 108  121  134
  99  110  125
 102  110  128
 102  111  129
 111  119  137
 108  116  134
 105  115  131
 155  168  179
 122  134  146
  70   79   97
  35   43   67
 105  115  119
 121  129  129
 139  144  139
 130  135  128
 121  127  121
 110  114  112
 118  122  122
 119  125  122
 115  121  120
 130  135  137
  75   79   89
  50   53   65
  55   59   71
  22   26   35
   4    5   10
  50   55   64
 106  113  123
 115  120  132
  92  101  111
  94  109  116
 100  116  129
  93  108  126
 119  135  150
  97  112  125
  40   47   61
  53   59   74
  64   71   86
  72   81   90
  73   82   92
  83   89   95
 105  112  110
 124  136  136
 123  134  135
 125  136  137
 128  139  141
 149  160  162
 141  152  154
 106  117  121
  90  101  107
  78   89   94
  72   83   89
  90  100  110
  47   50   62
  35   42   53
  92  103  110
  95  106  106
  56   67   67
  74   84   89
  98  109  114
  94  105  112
 115  124  134
 118  129  142
  98  110  125
 115  128  142
 110  121  135
 113  122  137
 113  122  137
 113  122  138
 101  108  127
 105  115  131
 153  167  178
 145  158  170
  64   76   94
  24   36   58
 109  117  116
 113  120  116
 122  128  121
 119  125  118
 112  116  111
 102  105  101
 119  122  119
 123  131  122
 136  142  138
 115  121  121
  65   70   78
  58   62   72
  53   54   63
  25   25   31
   8    7   10
   9    7   14
  34   32   43
  63   60   66
 112  119  123
 171  185  186
 145  161  168
  79   95  108
 103  119  131
 148  163  175
 139  147  158
 111  118  129
 110  117  128
 122  132  138
 109  120  124
 112  121  122
 130  140  136
  95  105  106
  80   90   94
 102  112  114
 118  129  130
  93  104  106
 155  166  167
 107  117  122
  74   83   92
  79   88   96
  81   90   98
  86   95  104
  57   62   75
  29   37   48
  68   78   88
  69   80   86
  51   62   64
  99  109  113
 105  117  121
 118  128  136
 127  137  147
 103  114  127
  99  110  123
 103  115  128
 102  113  126
 114  123  137
 118  127  141
 114  123  137
 131  141  154
 144  155  168
 133  146  159
  88  103  115
  42   56   71
  32   41   63
 100  105  101
 115  121  117
 145  152  148
 118  121  118
  95   96   94
  99  100   98
 120  123  119
 134  141  133
 148  154  150
 106  112  109
  58   65   70
  91   95  102
  80   78   84
  29   25   28
  20   18   17
  34   28   33
  51   41   49
  62   54   56
 115  121  119
 181  191  191
 184  195  199
 126  141  146
 129  143  152
 128  141  152
 166  177  184
 143  154  162
 105  116  124
 149  156  163
 156  163  166
 114  122  123
 119  128  127
  88   95   98
  76   82   92
  90   97  103
  96  107  108
 109  120  122
 150  161  163
 108  118  124
  88   96  106
  81   89   99
  73   81   90
  96  103  109
  85   91  106
  25   31   45
  52   60   73
  50   61   72
  67   78   83
 103  114  115
 104  115  119
 108  118  126
 100  110  120
 100  110  121
 103  112  124
 102  111  123
 108  118  130
 114  124  135
 109  119  131
  95  105  116
 105  118  126
 135  147  157
 115  127  141
  79   93  105
  29   42   55
   6   10   29
 123  129  125
 116  122  118
  99  106  101
  92   95   92
 100  101   98
 115  117  114
 143  146  142
 131  138  131
 101  108  103
 142  148  145
  84   91   97
 103  107  115
  93   92   98
  30   25   29
  31   26   24
  47   39   37
  60   49   47
  61   51   50
 109  113  110
 186  194  193
 222  231  230
 213  223  223
 181  191  193
 115  125  128
 151  162  166
 155  166  171
  99  110  115
  94  102  107
 111  118  121
 113  121  122
 121  130  128
 120  128  129
  94  101  111
 105  113  118
 114  125  127
 137  148  150
 213  224  226
 175  185  190
 110  120  130
  79   89   98
 111  121  129
 172  180  185
 112  117  135
  31   36   57
  44   51   69
  55   65   79
 108  119  127
 136  147  151
  82   93   98
 110  121  129
 101  112  121
 105  115  127
 100  110  122
 103  113  125
 118  128  139
 114  124  133
 115  125  134
 143  153  162
 134  147  155
 126  139  149
 101  113  127
  68   78   91
  22   29   41
  17   23   35
 148  154  150
 129  135  131
 110  117  112
 111  114  111
 115  117  114
 130  133  130
 142  146  142
 108  116  109
 119  126  121
 182  188  186
  91   97  103
  39   43   50
  23   20   27
  21   16   19
  33   26   23
  46   37   32
  59   48   40
  64   54   51
 109  111  107
 185  191  189
 230  236  231
 230  236  229
 228  234  232
 172  179  179
 133  144  145
 155  165  168
 113  124  126
 126  135  139
 143  151  154
 124  133  134
  98  107  105
 109  117  119
 101  108  117
 118  126  132
 130  141  142
 140  151  153
 176  187  189
 141  153  158
 129  142  151
 122  135  143
 129  142  149
 123  131  136
 111  117  135
  39   42   67
  27   34   55
  53   63   78
 110  120  131
 188  199  205
 113  124  128
  90  100  109
  93  103  114
  90   99  112
 113  123  136
 122  132  145
 132  142  153
 121  132  139
 109  119  127
 122  133  140
 122  135  143
 149  162  172
 150  162  176
  42   48   63
  20   22   35
  67   72   80
 120  126  122
 121  127  123
 123  129  125
 126  132  130
 128  134  134
 124  130  130
 110  117  117
 110  122  117
 138  146  141
  86   90   96
  31   31   40
  21   18   25
  18   12   18
  31   24   27
  33   26   26
  40   30   29
  47   36   34
  66   63   59
 116  118  115
 195  203  201
 215  221  218
 216  218  215
 235  240  239
 206  213  212
 165  171  171
 148  155  163
 139  150  154
 136  147  151
 120  131  135
 142  153  153
 107  118  118
  62   70   73
  57   64   71
 130  137  146
 160  170  174
  95  108  112
 106  121  129
 103  117  126
 116  130  138
 105  120  128
 107  121  129
 121  133  144
 101  110  125
  30   35   54
  20   26   45
  60   68   82
 131  140  149
 191  201  203
 178  186  184
 148  155  161
 136  141  154
  89   96  109
  91   99  111
 123  131  144
 137  145  156
 101  109  121
  82   89  105
  91  100  110
 109  117  129
 120  128  140
  83   91  103
  33   38   53
  95   98  111
 154  159  165
  98  104  100
 116  122  118
 145  151  146
 142  148  146
 130  136  136
 103  109  109
 105  111  112
 120  126  125
 106  110  104
  32   33   34
  21   17   24
  21   15   20
  29   20   22
  32   23   23
  36   30   27
  39   30   27
  44   33   27
  61   55   48
 108  106  100
 121  125  119
 150  153  154
 158  160  163
 207  212  208
 242  250  243
 202  207  209
 120  127  137
 120  130  137
 137  146  153
  79   87   94
 101  110  114
 158  167  170
 158  165  171
 111  118  127
 116  123  134
  82   88  104
  72   80   96
 120  131  148
 125  137  151
 110  122  133
 109  122  132
 101  113  125
 111  122  139
  91   99  119
  57   62   87
  55   58   84
  80   84  103
 130  137  141
 208  216  209
 233  239  231
 252  255  253
 243  247  246
 183  190  190
 176  184  184
 167  175  175
 146  154  157
 113  118  132
  92   97  114
 130  136  146
 131  138  144
 126  132  139
 143  149  156
 165  171  175
 183  188  188
 163  169  165
 146  152  147
 136  143  138
 126  133  128
 120  126  124
 110  116  117
  98  104  104
 105  110  112
 117  116  120
  52   50   45
  20   16   13
  28   22   23
  34   26   25
  35   25   23
  34   25   22
  36   32   28
  39   31   25
  38   28   20
  46   35   25
  62   55   46
  61   61   52
  57   59   56
  64   67   68
 130  137  135
 152  160  158
 119  124  129
 103  110  123
 110  121  130
 101  108  118
  89   94  106
 120  125  134
 153  159  166
 139  146  156
  84   91  102
  65   71   85
  41   44   64
  79   84  102
 128  137  149
 107  116  129
 130  138  153
 138  146  161
 100  109  124
 101  113  125
 109  117  134
  72   78   99
  62   64   84
  19   19   32
  43   46   50
 214  218  215
 233  235  231
 224  227  221
 221  223  218
 217  221  217
 214  220  216
 214  219  215
 196  201  197
 155  160  161
 165  168  173
 164  169  167
 197  202  200
 224  229  227
 217  221  220
 216  222  219
 219  226  221
 203  209  205
 169  174  173
 131  136  133
 128  133  128
 125  131  127
 100  104  103
 105  107  106
 100  102  101
  76   77   75
  26   23   16
  34   26   19
  40   31   28
  38   28   24
  46   36   26
  59   50   37
  65   56   42
  63   52   38
  55   45   30
  53   43   28
  59   50   37
  93   85   73
 124  122  104
  92   93   76
  66   68   61
  79   82   83
 110  114  120
 115  119  130
 106  111  123
  96  101  109
 113  114  122
 121  123  130
 126  132  138
  90   95  104
  71   76   87
  64   68   82
  50   53   68
  72   75   90
  92   97  109
  71   77   91
 143  150  166
 119  125  142
  81   88  104
 130  142  156
 135  144  157
  37   42   54
   0    0    7
   5   10   19
 113  123  126
 230  235  235
 232  235  232
 227  231  227
 225  228  224
 209  213  208
 179  183  178
 169  173  168
 167  171  166
 182  186  184
 221  225  224
 248  252  249
 244  248  243
 241  246  241
 230  235  229
 234  239  236
 227  233  232
 192  198  198
 128  136  137
 134  142  140
 113  121  117
 104  110  102
 103  105   98
  98   97   91
 126  124  119
  66   68   63
   5    2    0
  39   31   24
  62   52   41
  77   69   52
  96   89   67
 117  109   85
 113  104   84
 105   95   75
 108   98   78
  99   91   72
  79   71   52
  74   65   48
 103   95   72
 115  108   84
  86   78   68
  83   77   74
 107  107  105
 109  108  108
  65   65   68
  49   46   45
  38   27   29
  65   57   61
 102  105  109
  79   84   91
  75   78   89
  57   61   72
  61   64   78
  71   73   89
  76   78   94
 124  128  144
 145  151  166
 120  126  142
 103  110  126
 141  152  169
  89   96  110
   6    8   18
   7    5   14
  46   52   55
 202  213  210
 255  255  255
 238  244  236
 222  229  221
 197  204  196
 196  203  194
 175  181  172
 164  170  161
 177  183  176
 221  227  222
 225  231  225
 227  233  228
 245  251  248
 245  251  248
 240  246  243
 235  241  241
 220  225  228
 212  218  219
 132  140  133
 118  126  117
 117  126  114
 122  127  113
 118  118  103
 105  103   88
 101   98   86
  44   43   33
  58   57   46
 108  105   90
 129  125  102
 127  123   96
 127  123   96
 128  124   98
 117  111   87
 110  105   81
 118  113   89
 117  113   87
 107  103   77
  93   90   64
  68   60   36
  62   50   32
  58   48   35
  47   39   30
  62   55   45
  43   35   30
  42   34   32
 111   97   89
  62   44   38
  64   53   52
  92   93   94
  80   84   92
  64   68   78
  59   63   75
  82   85  100
  65   68   83
  70   73   87
 100  104  120
 105  111  127
 102  108  124
 135  142  158
 121  130  145
  45   50   62
  15   14   22
  15   15   19
  18   18   20
 136  139  139
 195  205  202
 152  161  157
 140  149  145
 123  132  129
 123  132  130
 106  115  113
 100  109  107
 146  155  152
 177  186  181
 169  178  174
 142  151  147
 143  151  152
 191  199  201
 222  231  233
 236  243  246
 222  226  231
 218  223  228
 119  117  101
 115  115   95
 113  114   92
 100  102   81
 101  101   80
 100   97   78
  85   80   60
 119  117   93
 144  143  117
 150  151  124
 141  141  112
 123  121   94
 126  124   99
 120  117   92
 123  120   93
 126  122   94
 126  122   94
 124  123   94
 137  136  107
 136  135  106
 137  132  106
 136  129  107
 106  100   82
  88   81   67
  68   57   49
  62   51   46
  52   41   40
  93   81   68
  91   76   63
  83   76   70
 104  108  108
  82   87   95
  68   72   83
  69   74   87
  55   59   73
  65   69   84
  84   88  102
 108  113  128
  76   82   96
  84   90  104
 135  142  156
  93  100  114
  35   37   48
  27   24   32
  24   23   27
  19   14   21
  39   34   44
 113  118  126
 112  122  127
 106  116  121
 103  112  117
  78   86   94
  95  104  112
 107  116  125
 116  126  132
  95  105  108
 101  111  114
 110  120  123
 132  142  147
 163  172  178
 195  205  210
 227  233  238
 236  241  245
 233  238  242
  84   66   51
 128  115   91
 121  112   89
 118  116   97
 136  136  117
 143  140  120
 154  151  128
 152  152  123
 147  146  121
 146  144  122
 150  149  125
 147  146  120
 135  134  108
 126  126  100
 124  124  100
 125  122   95
 134  129  100
 132  131  103
 143  142  114
 145  144  116
 136  134  103
 157  152  122
 140  131  110
 135  123  108
 116  106   95
  99   91   82
  76   71   66
  40   33   26
  51   39   29
  75   65   61
  93   92   98
  71   74   85
  73   78   90
  73   81   94
  77   83   97
  90   96  110
 106  112  126
 132  139  151
  86   93  103
 112  119  128
 143  150  161
  95  101  116
  37   38   50
  30   27   35
  36   30   33
  39   33   35
  33   26   33
  84   79   88
 135  146  150
 123  139  140
 127  136  139
 102  112  117
 104  116  122
 107  118  124
 127  138  144
 123  134  139
 108  119  124
 133  144  149
 156  169  176
 184  194  202
 213  221  230
 211  216  225
 221  225  229
 237  243  245
  82   59   42
  88   73   50
 192  183  164
 235  234  223
 225  227  213
 189  188  172
 195  194  175
 214  215  192
 205  207  186
 199  199  182
 206  206  190
 208  209  193
 181  181  166
 191  192  175
 172  173  153
 144  142  120
 154  151  127
 152  151  121
 147  146  115
 137  135  105
 130  129   98
 125  123   93
 139  133  107
 121  113   91
 121  112   96
 124  116  106
  73   67   65
  39   33   33
  44   34   32
  55   46   45
  84   85   90
 104  107  118
 101  106  118
  67   74   87
  92   99  113
  97  103  117
 118  124  139
 138  144  157
 132  139  149
 158  165  175
 122  129  140
  69   75   89
  28   29   41
  22   19   27
  39   34   37
  41   35   37
  37   31   33
  56   51   54
 124  130  133
 124  136  138
 105  114  120
 117  127  134
 135  146  152
 149  160  166
 172  183  190
 153  163  171
 125  136  143
 113  124  132
 162  174  183
 211  221  230
 189  196  208
 160  164  177
 190  194  206
 211  216  223
  47   27   14
 130  120  104
 238  240  230
 226  230  226
 176  180  169
 137  138  126
 163  163  149
 199  203  184
 195  197  181
 196  198  185
 180  183  167
 176  179  161
 187  189  172
 200  203  187
 214  217  201
 218  219  201
 215  214  194
 209  207  185
 201  199  176
 188  186  163
 163  162  141
 144  143  123
 130  126  106
 115  109   88
 116  107   87
 114  106   96
  66   59   60
  42   36   44
  43   34   38
  56   50   52
  92   94  100
 130  133  144
 155  160  172
  85   92  105
  76   82   96
 107  113  127
 112  118  133
 155  162  174
 139  147  156
 146  153  163
 122  129  139
  48   54   69
  33   34   46
  40   37   45
  45   39   44
  44   38   39
  43   38   35
  57   52   48
 118  118  119
 108  118  122
  89   99  109
  95  105  113
 107  118  124
 123  134  139
 120  131  138
  73   83   93
  79   89   98
  91  101  111
 100  112  124
 118  127  140
 147  154  168
 205  210  221
 244  248  254
 243  248  251
  90   81   75
 193  190  182
 183  190  181
 171  178  170
 163  166  157
 164  168  155
 169  173  159
 174  178  163
 177  180  166
 180  183  170
 174  177  163
 180  182  168
 188  191  176
 192  195  180
 190  191  174
 220  218  200
 241  238  217
 211  208  188
 219  217  198
 220  216  201
 187  187  170
 173  175  157
 165  166  148
 140  140  122
 103   99   81
 127  125  111
  82   81   81
  39   36   45
  43   38   45
  38   35   41
  69   69   77
 108  113  125
 147  155  166
 104  113  124
  75   82   93
  82   87  100
 136  142  155
 138  144  159
 106  112  124
 126  133  140
  81   87  100
  44   45   59
  31   30   46
  55   54   65
 111  114  115
  81   83   81
  51   47   44
  48   41   39
  93   94   97
 128  137  140
 116  130  135
 106  118  122
 100  111  115
  93  104  108
  94  106  111
  74   86   96
  62   74   88
  41   52   69
  69   78   91
 176  185  194
 236  246  247
 214  221  223
 226  231  235
 221  226  228
 194  192  187
 184  185  179
 167  173  165
 163  167  160
 166  168  162
 165  169  158
 168  171  159
 165  168  157
 165  168  157
 179  182  171
 178  180  169
 160  161  151
 165  167  157
 174  176  165
 183  184  169
 202  200  184
 215  211  194
 192  191  172
 190  190  172
 177  175  161
 145  146  130
 138  141  122
 155  159  140
 173  175  158
 163  162  146
 167  168  154
  92   93   94
  35   33   41
  53   50   57
  34   31   38
  32   30   39
  85   89  100
 120  127  137
  89   98  108
  64   71   82
  73   79   90
 125  132  141
  93   99  111
  55   61   72
  84   90  100
  58   64   77
  48   49   64
  29   29   48
  60   60   73
 116  121  123
  89   93   92
  60   59   56
  60   58   55
 112  116  116
 128  137  138
 115  128  130
 146  158  159
 142  154  155
 140  151  152
 101  112  118
  85   95  108
 102  113  121
 118  129  134
 177  184  191
 203  211  214
 200  210  207
 200  207  207
 206  212  215
 194  199  203
 167  172  167
 186  190  185
 193  199  194
 191  195  191
 168  170  166
 156  158  151
 184  187  178
 200  203  195
 191  194  186
 159  162  154
 162  163  156
 159  160  152
 155  156  149
 162  164  156
 168  171  163
 171  172  161
 176  174  162
 180  182  165
 189  191  175
 188  190  177
 158  159  147
 158  160  145
 163  165  151
 161  163  149
 201  202  188
 213  216  204
  84   88   92
  39   38   47
  57   54   61
  46   43   50
  22   20   27
  46   47   57
  95   99  108
  77   84   92
  67   72   85
  88   95  104
 160  168  171
 167  175  175
  77   84   92
  48   54   70
  47   52   67
  47   50   67
  43   45   66
  71   74   89
 118  121  127
 101  104  106
  65   68   68
 105  110  107
 134  144  138
 121  132  129
 119  128  128
 141  153  153
 124  137  136
 121  134  132
  83   94   98
 147  155  163
 242  251  250
 214  224  217
 198  205  201
 209  215  212
 187  193  189
 188  194  190
 185  191  190
 161  166  170
 165  173  170
 171  178  174
 171  176  173
 205  209  206
 222  225  221
 183  186  180
 158  162  155
 161  164  157
 178  181  174
 185  188  181
 177  179  173
 161  162  157
 171  172  166
 167  170  164
 166  170  163
 173  175  168
 178  179  170
 178  180  166
 180  183  169
 188  190  178
 164  166  153
 147  149  136
 166  168  155
 169  171  158
 182  184  171
 168  172  164
  58   62   66
  52   52   60
  58   55   62
  59   57   65
  48   46   53
  33   32   39
  66   67   75
  83   87   94
  81   88  101
  97  104  116
  82   90   97
 123  130  133
 110  117  126
  46   52   69
  40   47   61
  40   45   62
  53   58   79
  84   90  103
 116  120  125
  94   97  100
  93   99   98
 129  137  131
 125  136  127
 131  140  135
 158  166  165
 174  183  182
  99  108  107
 116  125  124
 184  193  192
 197  205  203
 190  198  194
 174  182  178
 209  214  209
 226  231  227
 209  214  213
 216  222  220
 208  215  214
 164  169  176
 199  209  211
 160  168  168
 181  185  185
 207  212  209
 231  236  232
 194  199  195
 153  158  153
 153  155  150
 158  160  154
 169  171  165
 174  176  171
 164  166  161
 173  175  170
 182  184  178
 179  182  174
 174  177  170
 190  194  187
 184  186  175
 185  187  175
 189  191  179
 184  186  173
 168  170  157
 160  162  149
 158  160  146
 189  191  180
 125  127  124
  52   57   60
  65   65   71
  63   62   69
  62   62   69
  59   57   63
  46   43   49
  53   52   59
  92   93  102
  89   98  110
  84   92  105
  46   51   66
  82   85  100
 119  124  135
  49   54   65
  38   42   54
  50   55   68
  80   84   99
 102  108  112
 107  112  113
  75   79   80
 107  112  109
 146  151  144
 142  148  141
 157  163  158
 177  183  182
 167  173  173
 195  200  201
 245  250  250
 232  238  238
 204  210  208
 198  204  203
 188  194  193
 211  218  213
 214  221  218
 232  238  239
 229  237  239
 191  200  205
 163  170  181
 195  203  215
 110  116  124
 164  168  169
 225  229  228
 205  209  208
 173  177  176
 186  190  189
 178  180  177
 161  163  160
 165  167  164
 161  163  159
 165  167  162
 189  191  186
 196  198  193
 177  180  173
 176  179  172
 158  161  154
 163  164  156
 185  186  178
 182  184  175
 177  178  167
 188  190  176
 197  199  186
 203  205  193
 172  173  165
  95   97   95
  85   89   96
  79   80   86
  85   83   88
  92   91   96
  80   78   82
  73   71   73
  61   60   65
  88   90   96
 100  107  115
  80   86   94
  66   69   78
  50   52   61
  46   49   59
  57   59   69
  60   62   73
  85   87   95
 116  120  122
 111  115  112
 109  113  110
 100  105  103
 131  135  135
 144  148  148
 153  159  159
 166  172  171
 196  202  199
 223  229  228
 207  213  213
 193  199  199
 166  172  173
 197  202  204
 232  238  239
 228  234  234
 226  236  231
 191  201  199
 199  208  209
 200  209  215
 155  164  177
 127  135  153
 158  164  184
 133  139  151
 125  129  133
 175  179  180
 193  198  199
 177  182  183
 201  206  206
 192  194  193
 175  177  176
 167  169  168
 161  163  159
 162  164  159
 160  162  157
 175  178  172
 169  172  165
 174  177  170
 168  171  164
 162  163  157
 169  170  164
 159  160  155
 164  165  156
 182  184  171
 212  214  201
 217  219  207
 142  143  138
 105  106  108
  81   84   93
  44   45   50
  54   54   55
 120  120  122
 125  124  124
 102  101  100
  78   78   80
  84   85   89
 117  122  126
 108  112  117
  94   95  100
  82   82   88
  88   87   96
  88   87   96
  80   80   88
 121  122  125
 136  139  129
 120  123  114
 115  118  112
 118  123  119
 167  171  172
 158  162  167
 217  222  227
 234  240  241
 216  222  219
 216  221  221
 199  205  205
 188  194  194
 222  227  228
 242  246  248
 220  225  228
 205  211  215
 185  195  202
 177  187  196
 167  176  187
 148  158  173
 133  144  164
 125  135  160
 181  189  204
 186  191  202
 136  140  146
 130  133  135
 186  190  189
 184  191  190
 170  179  176
 188  192  191
 182  186  185
 164  168  167
 160  163  161
 162  164  163
 169  171  170
 189  191  188
 185  187  182
 165  167  162
 172  174  169
 165  167  162
 159  161  156
 157  159  154
 169  171  164
 203  206  197
 215  218  209
 181  184  177
 109  114  117
  97   97  102
  58   54   61
  29   24   29
  87   81   82
 163  157  156
 150  146  143
 121  118  117
  86   85   84
  94   94   93
 113  113  113
 107  106  112
 111  111  115
  95   94   95
  91   88   93
 100   97  101
 100   97  101
 127  129  124
 128  131  123
 119  122  115
 111  115  108
 109  114  110
 171  175  176
 208  212  214
 225  229  228
 227  231  230
 226  230  228
 220  225  224
 226  234  233
 222  232  233
 184  194  198
 176  185  194
 191  199  208
 167  176  185
 162  174  189
 149  162  178
 135  148  164
 146  159  175
 135  148  167
 124  136  158
 180  187  202
 200  206  216
 178  182  188
 127  127  129
 131  130  130
 174  176  176
 181  185  184
 171  174  173
 173  177  176
 187  191  190
 172  175  174
 194  196  195
 210  212  211
 203  205  204
 183  185  180
 170  172  168
 171  173  168
 171  173  168
 182  184  179
 180  182  177
 179  181  176
 195  197  191
 203  205  199
 182  185  180
 111  113  116
  67   64   68
  43   34   41
  46   37   40
  64   56   55
 117  109  106
 131  122  119
  81   74   72
  80   77   75
 154  155  151
 134  136  133
 106  106  110
 112  113  115
 115  116  114
 108  107  108
 102  102  102
 117  116  117
 130  134  129
 125  129  125
 118  122  118
  99  104  100
 162  167  165
 241  245  244
 224  228  228
 217  221  221
 235  239  239
 219  223  224
 181  189  185
 185  194  195
 172  182  193
 124  134  152
 128  138  157
 141  151  170
 130  140  160
 115  128  145
 110  123  140
 124  137  154
 132  145  162
 131  144  163
 141  154  175
 175  182  197
 197  204  214
 162  168  173
  75   73   76
  69   62   64
  70   67   68
 154  154  154
 173  178  177
 164  168  167
 185  189  188
 195  198  197
 181  182  181
 175  177  176
 175  177  175
 172  173  168
 176  178  173
 179  181  176
 182  184  179
 175  177  172
 176  178  173
 168  170  166
 166  168  165
 201  204  200
 177  179  176
  78   75   76
  46   37   40
  58   43   49
  66   53   55
  66   55   54
  60   50   45
  88   76   72
  88   73   72
  94   89   84
 165  168  160
 142  148  141
 123  127  128
 117  122  119
 115  119  113
 135  137  134
 120  122  119
 107  110  107
 146  153  150
 143  150  147
 106  112  109
 128  132  133
 232  236  237
 229  234  230
 232  237  233
 228  232  236
 192  196  199
 186  189  192
 178  186  193
 137  147  159
 117  129  146
 118  131  151
 119  131  152
 116  129  149
 119  131  151
 128  141  161
 135  148  167
 132  144  165
 114  126  144
 121  134  151
 162  174  195
 191  201  211
 205  207  221
  99   93  101
  41   30   32
  54   41   43
  31   24   25
  52   47   50
 151  149  150
 180  186  184
 173  177  176
 184  187  185
 180  184  182
 161  165  163
 164  168  165
 163  166  162
 167  171  166
 175  178  174
 177  179  174
 169  170  166
 171  173  167
 172  174  170
 167  169  165
 162  163  162
 103  101  102
  52   44   46
  65   54   57
  63   47   52
  62   49   49
  70   58   56
  84   71   68
  60   46   42
  77   65   59
 118  114  110
 141  146  137
 133  140  132
 127  132  129
 123  128  125
 125  131  127
 145  151  147
 167  172  168
 152  158  154
 162  171  168
 130  138  138
 102  111  111
 193  199  199
 255  255  255
 237  242  237
 222  227  224
 171  175  181
 167  173  180
 174  181  188
 153  164  176
 149  162  176
 141  154  169
 129  143  159
 121  134  152
 125  138  156
 120  133  151
 135  148  168
 140  152  173
 120  132  153
 105  119  140
 125  139  162
 183  196  220
 214  224  235
 165  161  171
  85   62   62
  74   49   45
  65   47   46
  63   50   49
  44   33   33
  96   85   85
 171  172  168
 181  182  178
 152  155  151
 159  163  159
 180  184  180
 177  180  176
 164  165  162
 177  179  176
 179  181  177
 184  185  179
 181  182  177
 181  182  177
 209  210  204
 175  174  169
  77   73   72
  52   44   47
  68   58   59
  71   60   61
  78   63   65
  73   59   59
  59   46   43
  80   66   65
  86   75   70
 107  103   95
 159  158  156
 148  152  146
 134  139  132
 126  131  126
 128  132  130
 142  146  145
 164  170  168
 160  166  164
 137  143  142
 116  125  124
 105  113  115
 100  108  114
 204  210  212
 254  255  255
 234  239  238
 206  211  212
 171  177  185
 173  181  191
 161  172  183
 159  173  183
 148  162  174
 120  134  149
 136  148  166
 141  154  173
 127  140  160
 122  135  154
 124  137  156
 139  152  171
 123  136  154
 127  141  164
 166  180  208
 188  202  228
 164  163  172
 113  101   99
 102   74   62
  92   62   52
  84   59   53
  75   55   49
  59   42   37
  72   56   53
 144  131  127
 196  190  184
 165  163  158
 154  153  148
 171  170  165
 165  164  159
 165  166  160
 186  186  181
 186  187  181
 185  186  179
 198  199  191
 210  211  204
 169  167  160
  94   87   82
  79   69   68
  86   74   75
  87   76   75
  97   83   82
 105   88   88
 105   87   84
  69   55   49
  64   53   47
 105  100   91
 151  152  146
 150  151  151
 140  143  139
 133  138  131
 127  132  127
 132  136  134
 141  146  144
 142  148  146
 128  134  131
 127  133  132
 120  127  130
 118  125  130
 116  123  131
 201  208  214
 235  241  244
 202  209  213
 195  202  207
 193  202  211
 173  183  194
 145  157  170
 137  151  164
 140  153  169
 142  155  173
 158  171  190
 162  175  194
 171  184  203
 179  192  211
 179  192  211
 157  170  189
 155  168  187
 175  189  211
 171  186  212
 167  181  207
  51   39   37
  39   37   38
  78   81   90
  76   86  106
 100  112  128
 107  114  125
  78   84   94
  87   94  105
  95  103  113
 111  116  122
 150  154  150
 150  155  150
 126  132  129
 109  114  119
 102  107  110
  66   71   79
  54   55   66
  20   19   23
  78   82   84
 139  146  146
  98  108  108
  91   96   99
  60   63   68
  98  103  100
 153  160  153
 151  159  153
 121  130  129
 133  141  140
 132  141  138
  52   57   61
 152  158  160
 193  202  200
 116  117  117
  75   72   71
  76   77   80
  81   89  100
 111  124  132
 119  128  135
 110  118  125
  93  100  109
  91   99  108
 104  109  115
 179  184  180
 164  168  165
 134  140  139
  91   96  102
 121  126  129
 108  114  120
  53   56   60
  60   62   61
 129  134  135
 143  150  150
 158  168  168
 120  126  129
  70   73   79
 117  122  120
 165  170  168
 150  157  155
 142  150  151
 139  147  151
  64   71   77
  86   91   96
 227  234  232
 159  168  168
 145  152  156
 149  157  158
 129  138  140
  97  105  111
  71   79   89
 101  109  119
 119  127  136
 115  122  130
  91   99  108
 104  110  115
 152  156  155
 142  146  148
 156  161  165
 109  113  120
 124  129  133
 143  151  155
  68   74   75
  96  101  100
 137  146  148
 159  167  169
 181  189  190
 152  160  166
  91   97  103
 114  121  121
 163  169  166
 153  160  158
 144  153  154
  92  100  107
  35   37   54
 177  184  185
 160  169  166
 137  145  147
 126  136  142
 124  134  139
 119  128  133
 116  125  133
  78   82   90
  33   35   40
  68   71   77
 126  134  139
 115  122  127
 105  109  115
 162  167  165
 146  151  151
 127  133  134
 130  134  139
 132  137  140
 127  133  138
  91   96   98
 136  142  140
 137  144  146
 120  128  130
 121  129  131
 143  151  155
 143  153  156
 102  113  116
 161  170  170
 154  163  166
 127  134  140
 105  112  122
  90   95  108
 149  156  158
 131  139  139
 142  150  153
 124  134  144
 124  133  142
  99  105  113
 108  116  125
 113  118  124
  90   91   93
  14   14   16
   9    9   11
  33   31   29
 134  136  133
 160  165  165
 154  158  156
 138  144  142
 123  128  131
 103  108  111
  89   94   98
 116  121  123
 117  122  124
 125  130  136
  87   95  100
  96  103  110
 129  136  144
 157  167  173
 100  110  122
  38   44   56
  81   88   93
 136  144  147
 113  120  129
 105  112  124
 141  149  151
 129  137  139
 123  130  134
 123  133  142
 130  140  149
 130  137  146
 115  120  132
  85   89  100
  97   99  104
  59   60   59
   4    1    1
  40   37   34
 145  151  148
 154  160  161
 152  156  157
 123  129  130
  87   92   96
  74   79   82
  70   76   78
  98  103  107
  76   80   85
  85   90   97
 115  121  133
 136  143  155
 128  134  148
 141  151  162
 129  138  152
  32   35   50
  26   28   32
 147  154  156
 142  151  156
 128  136  140
 112  119  117
 120  127  125
 108  113  114
 115  125  134
 131  139  149
 116  122  133
  85   90  101
  96  100  107
  95   97  101
  64   65   64
   0    0    0
  91   92   87
 161  166  160
 154  158  154
 138  143  139
 131  136  137
  74   79   87
  78   83   91
  78   82   88
  81   85   95
  66   71   81
  90   95  105
 121  126  138
 134  139  153
 142  148  161
 139  148  159
 150  160  171
  79   82   95
  21   22   29
 133  140  142
 129  136  138
 105  109  109
 121  126  125
 147  155  154
 162  171  170
 142  149  160
 154  160  170
  93   97  105
 110  113  122
 137  141  141
  96   99   96
  57   59   56
  69   71   66
 124  127  117
 161  163  149
 152  154  139
 128  134  116
  92   95   97
  70   75   89
  93   97  106
  67   71   74
  59   61   68
  87   94   99
 106  112  118
 120  123  124
  95  100  102
  88   96  101
  90   95  102
  99  108  111
  63   68   72
  14   14   15
  38   41   41
 134  141  138
 139  144  146
 141  149  152
 147  155  157
 150  158  160
 147  154  161
 144  152  157
 135  141  145
 128  134  136
 107  112  107
 109  113  105
 182  187  179
 187  194  187
 127  132  126
  97   98   92
  97  101   90
  90   95   84
  56   58   63
  87   90   98
  75   80   83
 105  110  107
 126  133  128
 125  130  126
 136  141  137
 139  144  139
 111  116  113
  96  103  106
 106  111  115
  99  106  107
  99  107  106
  83   85   81
  38   38   34
 144  149  147
 147  153  155
 147  155  156
 142  151  151
 150  158  160
 122  131  129
 119  128  127
  27   29   31
  48   52   54
 129  137  133
 223  232  224
 204  213  206
 132  142  135
 113  123  122
 128  139  140
  77   81   84
  24   22   27
  54   54   60
  73   74   80
  61   66   66
 101  106  105
 135  144  141
 131  140  137
 135  143  140
 154  163  157
 111  117  117
 108  111  115
 101  105  108
 102  106  109
  99  103  103
  83   86   81
 124  131  127
 161  168  168
 163  169  169
 153  161  161
 145  154  155
 152  160  163
 127  137  132
 154  162  162
  38   40   45
  78   80   84
 162  173  171
 209  220  215
 153  164  161
 118  132  130
 121  134  137
 117  130  133
 137  148  153
 111  119  126
  22   23   32
  20   20   26
  40   45   48
  88   92   95
 132  140  142
 134  146  147
 117  128  129
 130  140  141
 103  110  112
 105  110  113
 100  105  108
  94   99   99
  96  100   99
  88   95   92
 148  159  155
 162  171  169
 150  159  157
 152  160  156
 143  152  148
 162  172  169
 143  151  151
 126  133  139
  66   69   81
 100  103  110
 160  170  172
 152  164  167
 121  133  139
 145  159  163
 142  153  162
 126  136  146
 129  140  146
 143  155  162
  96  105  117
  11    9   19
   2    1    5
  77   79   86
 134  141  148
 113  124  128
 118  129  135
 117  129  137
 102  113  117
  94  104  105
 100  106  109
  89   95   93
  86   91   85
  80   85   79
 107  113  107
 147  154  144
 132  138  127
 119  123  110
 114  119  106
 118  124  118
 145  154  156
 127  137  145
  65   74   87
 110  117  122
 129  141  145
 143  156  164
 139  153  160
 145  158  169
 149  162  170
 115  128  137
 123  136  144
 128  142  149
 121  134  148
  64   74   85
   2    3    5
  90   92   96
 142  151  159
  92  102  109
 121  132  139
 106  117  128
  85   94   99
  99  107  109
 107  115  118
  99  108  107
 100  107  102
  96  100   90
  70   73   61
  89   92   82
 117  121  112
 139  143  132
 114  118  109
 103  106  105
 117  130  138
  66   78   92
  62   72   81
 105  114  121
 103  114  124
 129  142  152
 143  155  163
 145  158  170
 119  133  143
  99  112  123
 114  127  137
 123  135  146
  98  110  127
  98  111  125
  72   84   95
  80   89   95
 123  134  141
 136  146  155
 130  139  152
 112  122  133
  90  100  106
  92  101  104
  97  104  109
 108  116  119
  65   69   68
  38   37   36
  56   58   57
 114  122  121
 110  118  118
 140  147  144
 134  142  139
 114  121  125
  98  110  126
  54   64   84
  97  106  115
 112  124  131
  91  103  117
 106  118  131
 137  148  157
 120  132  146
 102  117  131
  97  111  124
 127  140  152
 119  131  144
 119  132  146
 135  149  160
  85   98  114
  72   85   98
  62   75   86
  81   91  107
 103  113  128
 123  134  147
 109  120  131
  91  102  106
 109  117  124
  88   94  102
   0    0    0
  36   39   40
 111  118  122
 114  123  126
  98  106  108
 155  161  159
 193  201  198
  94  101  107
  89  100  116
  55   61   83
 103  112  122
  95  107  117
 100  112  126
  93  104  119
 154  166  176
 125  137  150
 106  120  136
 114  130  143
 123  136  150
 105  118  132
 113  128  143
 108  122  140
  69   81  101
  55   68   85
  61   71   87
  37   41   55
   8   12   21
  22   28   32
  51   59   65
 107  118  123
 130  141  147
  38   42   50
  24   27   32
 124  135  138
 121  132  135
 112  122  125
 125  135  136
 165  173  173
 124  131  136
  73   81   95
  63   72   91
  55   58   81
  80   89  100
  78   88  100
  79   86   98
  53   62   72
  93  102  114
 181  194  203
 126  140  157
  87  103  122
  95  108  128
  89  102  121
  88  104  123
  87  101  126
  93  106  127
  76   88  101
  55   62   71
  19   24   30
  51   57   61
 110  117  116
  65   72   73
  69   75   80
  90   96  100
  57   60   64
  80   87   91
 144  157  164
 110  119  129
 113  123  132
 147  157  167
 123  135  143
  97  107  121
  68   76   97
  61   68   82
  58   60   67
  97  101  106
  96  103  111
  94   99  105
  70   74   83
  38   42   54
 124  135  146
 119  133  150
  87   99  119
  79   93  115
  79   94  112
  62   72   93
  68   79  100
  64   74   92
  48   55   62
  85   91   97
 115  124  127
 134  145  147
 131  144  149
  92  101  107
  28   30   38
  79   85   86
  75   82   82
  94  104  110
 107  118  130
 102  114  130
  99  108  126
  96  103  124
 107  117  133
 115  127  140
  56   64   85
 109  117  116
 133  139  132
 114  118  115
 123  129  125
 126  132  131
  67   72   81
  38   40   48
  20   21   28
  80   82   92
 123  134  139
 102  119  131
 102  118  131
  89   97  109
  90   98  109
  96  104  108
 106  114  114
 111  121  124
 128  139  141
 120  131  135
  73   83   90
  76   85   93
  45   51   63
  70   81   86
  71   82   84
 108  119  125
 115  125  137
 106  118  131
 110  120  135
 111  120  135
 122  132  147
 130  144  155
  44   56   75
 120  126  121
 109  114  110
 102  103  100
 131  136  129
 123  130  126
  92   98  104
  55   52   57
  26   20   20
  50   40   41
 151  158  156
 194  206  207
 140  152  158
 147  159  165
 120  130  135
 130  138  139
 109  117  118
  86   93  101
 121  131  133
 161  171  174
  89   98  108
 115  123  131
  70   76   92
  40   49   63
 101  112  117
 101  112  118
  99  109  120
 103  113  125
 114  124  135
 117  128  137
 136  149  158
  90  102  115
  12   20   34
 125  131  126
 116  122  119
 126  129  128
 121  129  124
 126  133  132
  53   55   63
  24   19   24
  41   32   29
  59   50   45
 151  156  153
 239  245  241
 215  220  218
 150  159  162
 125  136  140
 125  135  136
  98  107  108
 109  116  123
 137  148  152
 137  150  156
 115  129  137
 129  142  149
  69   75   94
  39   45   66
 159  170  175
 146  155  158
 103  111  123
 113  122  134
 119  128  139
  97  106  117
 125  136  147
  75   82   97
  73   77   87
 126  131  127
 135  141  138
 110  116  117
 111  116  116
  56   56   54
  14    7   11
  29   20   21
  34   26   23
  44   35   28
  92   90   83
 114  118  117
 180  187  184
 144  151  159
 112  122  132
 113  121  128
 143  150  157
  90   96  108
  74   80   97
 109  120  134
 117  127  140
 106  117  131
  86   93  113
  40   42   59
 145  150  150
 249  253  247
 212  216  215
 187  194  192
 149  154  159
 136  140  149
 169  175  177
 181  186  188
 196  202  199
 142  149  148
 117  124  119
 109  110  106
  83   84   81
  23   17   13
  59   50   40
  82   73   56
  87   78   61
  75   66   49
  71   63   47
  87   82   63
  71   69   64
  99  102  107
  78   79   85
  85   81   86
 103  107  114
  61   66   78
  60   63   78
  98  103  117
 127  132  149
 121  131  146
  69   75   88
   8   10   16
 193  201  199
 236  241  235
 204  209  202
 174  180  172
 192  198  191
 233  238  232
 246  250  246
 243  248  245
 215  221  221
 121  125  112
 104  109   91
 104  101   84
  87   83   66
 106  104   84
 129  126   99
 123  120   92
 120  114   88
 124  119   93
 117  115   88
 108   99   75
  85   76   62
  59   50   44
  67   56   48
  77   64   56
  82   85   90
  65   70   81
  66   69   83
  89   93  108
  99  105  120
 119  126  141
  31   33   42
  19   17   21
 127  130  134
 142  152  152
 109  118  119
 101  110  113
 135  145  145
 134  144  143
 161  170  173
 225  232  236
 229  234  238
  93   75   54
 170  166  146
 168  168  151
 176  174  150
 185  185  162
 174  174  153
 159  160  139
 146  145  122
 144  142  114
 147  146  116
 142  140  110
 132  124  102
 112  103   92
  58   51   47
  59   50   45
  95   96  104
  80   86   99
  85   91  106
 120  126  139
 130  138  147
 105  112  125
  29   28   38
  29   21   24
  50   44   50
 121  131  134
 104  114  121
 123  134  141
 133  144  151
 114  125  131
 167  179  187
 191  197  208
 217  221  228
 124  113  103
 210  215  206
 170  173  162
 177  180  164
 191  194  180
 184  187  172
 194  197  181
 214  214  197
 219  217  196
 199  196  176
 162  162  143
 135  133  112
 117  112   96
  61   57   62
  36   30   36
 106  108  117
 122  130  142
  82   88  101
 127  133  148
 137  144  153
  73   78   91
  37   36   48
  69   67   68
  51   45   41
 109  113  116
 107  119  126
 119  129  134
  98  109  117
  60   71   84
 123  134  145
 203  210  217
 228  232  237
 184  187  182
 174  179  174
 163  166  158
 175  179  168
 175  178  169
 163  165  156
 162  163  154
 182  182  170
 195  194  177
 187  187  173
 154  156  142
 164  166  150
 181  182  169
  71   72   77
  35   32   39
  52   53   62
  94  101  110
  78   85   95
 133  140  146
  71   78   89
  43   47   63
  57   58   75
 106  110  112
  75   77   74
 119  128  126
 133  145  145
 116  128  128
 108  118  125
 156  166  169
 191  198  198
 204  211  208
 189  194  196
 169  177  175
 199  203  201
 204  208  204
 159  162  156
 172  175  169
 169  171  165
 173  175  169
 172  175  169
 177  179  169
 187  190  177
 167  169  156
 168  170  157
 165  168  159
  63   65   71
  61   59   67
  41   39   45
  70   71   79
  84   92  104
  94  101  109
  77   83   94
  35   40   55
  84   89  102
  98  102  104
 114  121  116
 141  149  142
 163  170  169
 164  172  172
 199  206  205
 205  212  208
 215  222  216
 221  227  226
 180  187  193
 147  153  165
 166  170  172
 199  205  204
 181  184  183
 166  168  166
 160  162  158
 178  180  175
 176  179  173
 167  169  162
 170  171  164
 180  181  170
 205  207  194
 131  133  131
  63   65   72
  92   91   95
 100   98  100
  78   78   82
  99  105  111
  70   71   80
  67   68   77
  89   90   96
 123  126  121
 107  112  107
 146  150  151
 193  198  198
 215  221  219
 212  218  218
 214  219  219
 221  227  229
 197  207  209
 179  190  198
 139  149  168
 183  189  203
 146  150  154
 162  165  164
 188  193  192
 176  179  178
 174  176  174
 190  191  189
 177  179  174
 169  171  166
 165  167  163
 186  188  181
 203  207  200
  98   99  103
  39   32   38
 105   98   97
 124  118  116
 102  101   98
 122  123  125
 108  108  109
  98   96   98
 120  121  119
 123  126  119
 123  127  123
 211  215  216
 235  239  239
 215  220  218
 189  198  201
 161  170  183
 157  166  181
 133  146  163
 131  144  161
 131  144  163
 199  206  218
 104  100  105
  49   41   42
 129  129  129
 182  186  185
 183  187  185
 174  178  175
 170  173  169
 178  180  175
 175  176  171
 179  182  178
 151  151  150
  60   52   55
  58   45   48
  70   58   56
  75   61   58
 132  132  125
 136  142  137
 120  125  122
 141  144  140
 143  149  146
 115  124  123
 197  202  201
 242  246  243
 189  193  197
 172  179  186
 135  147  161
 115  128  148
 114  127  147
 128  140  160
 115  128  148
 146  159  181
 162  159  166
  86   60   55
  60   41   37
  67   55   53
 171  166  162
 164  166  161
 167  169  164
 172  173  169
 183  184  179
 194  196  189
 161  159  154
  70   63   63
  78   66   67
  88   73   72
  68   55   51
 110  105   98
 149  151  148
 128  133  127
 136  140  139
 153  159  157
 128  136  135
 111  119  124
 222  228  230
 215  221  223
 171  179  188
 151  164  176
 140  153  169
 148  160  179
 151  164  183
 149  162  180
 143  157  178
 172  186  213
  79   75   75
  77   83   93
 108  119  131
  98  105  114
 102  109  116
 158  163  160
 120  126  127
  96  102  108
  47   49   53
 125  131  131
 122  129  132
  89   92   93
 157  164  159
 130  139  139
  95  101  105
 173  180  180
 135  144  147
 112  120  125
  77   83   90
  98  104  111
 108  114  120
 152  156  155
 132  137  141
 123  129  133
 105  111  111
 141  149  149
 144  152  155
 116  124  127
 155  163  162
 109  116  124
 111  117  125
 156  165  165
 121  131  140
 113  120  130
  91   94  100
  15   13   14
  88   89   87
 164  170  170
 118  123  124
  86   91   95
 102  107  111
  99  105  114
 129  136  147
 131  141  153
  58   64   73
 131  139  144
 121  128  132
 121  129  129
 137  145  155
 117  122  132
  99  102  104
  55   54   52
 125  127  118
 150  155  144
  92   97  103
  74   78   85
  72   77   83
 108  113  120
 118  124  133
 120  128  137
  46   48   54
  96  101  101
 133  140  140
 145  153  153
 131  138  141
  83   88   90
 149  155  148
 172  180  172
 119  127  122
  75   78   73
  57   58   64
  91   96   97
 128  135  131
 139  145  140
 105  110  110
  99  104  107
  82   86   84
 116  120  118
 161  169  171
 150  159  161
 128  136  136
  72   75   82
 172  182  181
 143  156  157
 127  139  145
 124  134  142
  35   38   46
  50   51   55
 133  142  145
 117  129  132
 104  113  116
  97  102  103
  95  100   95
 140  148  142
 140  147  139
 131  137  131
 107  118  127
  90   99  107
 127  138  146
 141  154  164
 121  133  144
 127  140  150
  93  105  118
  60   66   73
 126  136  144
 121  132  143
  94  103  109
 103  111  113
  65   68   64
  78   82   76
 127  133  126
 122  127  122
  70   80   99
  88   99  110
 101  113  126
 136  148  160
 107  121  136
 116  128  142
 117  132  148
  80   94  111
  55   64   78
  63   70   80
  98  109  114
  83   89   96
  47   51   55
 113  122  126
 142  151  151
 126  134  139
  66   72   86
  91   98  107
  69   75   85
 105  114  126
 113  127  145
  75   90  109
  75   88  110
  70   80   95
  65   72   78
  88   96   98
  70   76   81
  67   73   75
 107  118  124
 115  126  139
 121  131  144
  88   98  115
 111  116  112
 125  129  123
 108  114  116
  26   24   31
 105  108  112
 149  163  171
 109  118  126
 100  108  109
 124  134  136
 128  140  144
  67   74   86
  71   81   88
  98  110  119
  98  108  123
 115  126  140
  66   78   93
 126  132  130
 117  123  122
  59   60   63
  23   14   14
  87   81   76
 187  193  191
 140  150  156
 116  124  130
 101  109  118
 126  138  147
  86   95  112
 102  108  120
 191  198  197
 141  148  154
 144  151  158
 135  141  145
 122  126  116
  96   96   85
  77   72   56
  99   93   71
  90   84   61
  86   81   66
  76   71   71
  87   85   88
  63   67   82
 109  115  131
  73   78   92
  84   86   90
 189  197  193
 152  159  157
 198  205  203
 234  240  241
 147  141  125
 174  175  157
 184  186  166
 179  180  159
 180  179  153
 146  143  119
  80   72   63
  67   65   69
  98  105  118
 124  131  143
  62   64   75
  47   43   44
 100  110  114
  97  110  117
 114  125  136
 209  215  222
 185  190  187
 183  187  181
 166  168  161
 178  180  171
 188  189  177
 176  178  163
 119  121  118
  44   44   54
  88   94  104
  86   92  103
  57   61   76
  97  101  100
 136  145  142
 153  163  164
 193  200  198
 203  209  209
 163  169  177
 175  179  178
 174  177  175
 176  178  174
 166  168  162
 192  195  186
  90   90   93
  87   82   83
 102  103  105
  90   91   97
 105  108  106
 155  160  157
 215  220  219
 195  202  206
 177  186  195
 145  157  172
 128  121  126
  82   72   71
 177  179  176
 172  174  170
 185  187  181
 143  142  139
  64   52   54
  89   77   73
 136  138  133
 138  143  139
 131  138  137
 211  216  217
 182  190  197
 131  144  162
 127  140  161
 141  154  176
 102  107  113
  84   92  102
 130  136  138
 119  124  127
 104  109  112
 129  136  138
 126  134  136
 128  135  138
 126  134  143
  73   74   74
 120  122  117
 103  108  112
 102  107  112
 118  125  135
  91   96  102
 136  143  145
 110  116  118
 149  157  155
 113  121  121
  62   65   69
 128  136  137
 100  106  108
 103  108  104
 147  154  149
  85   95  107
 125  138  149
 120  135  149
  79   90  104
  86   95  106
  87   95   99
  87   93   91
 129  136  135
  98  105  111
  75   79   88
 109  120  134
 101  113  126
  92  101  105
  76   84   91
 109  120  130
  99  110  125
 118  121  113
  70   65   54
 112  108   95
 108  111  112
 103  111  124
  95  101  111
 149  156  158
 163  170  175
 168  170  161
 179  181  166
 165  164  144
  78   76   76
  84   89  103
  75   76   82
 131  140  140
 186  194  198
 146  145  148
 172  174  172
 171  173  168
  92   87   87
 104  106  106
 150  155  155
 186  195  200
 150  161  177
 104  109  112
 110  113  113
 112  118  122
 125  132  134
 116  126  133
 100  110  119
  91   99  103
 108  115  115
  99  102  100
 104  110  114
  88   96  106
 125  133  140
 170  170  160
 126  123  116
 100  103  109
 167  176  180
 102  110  115
 107  114  117
 117  119  118
 116  122  129
 113  118  122
