 211  205  194
 194  189  182
 227  230  227
 188  172  154
 114   67   34
 136  111   78
 102  103  109
  97  100  109
 106  111  120
  92   96  102
  86   88   88
  87   88   92
  96   94   94
  90   86   85
 106  110  116
 142  147  150
 204  208  217
 205  208  213
 219  221  217
 189  183  170
 147  112   74
 140  115   80
  53   43   43
  69   73   85
  74   77   94
  61   62   80
  43   46   55
  34   35   43
  25   21   23
  62   58   58
 123  127  130
 114  120  126
 215  218  228
 221  225  230
 211  215  211
 172  162  144
 152  142  128
 128  128  120
  84   80   79
  81   83   95
  92   96  106
 119  123  126
 124  126  124
 100  101   97
 124  125  126
 142  145  146
 144  149  150
 131  136  141
 203  207  218
 194  195  202
 206  206  200
 111   90   77
 139  135  124
 130  134  124
 119  122  119
  70   73   83
  90   94  104
 125  130  136
 151  153  151
 127  130  122
 147  148  150
 134  135  138
 126  129  131
 137  141  140
 125  117  119
 175  174  172
 184  185  173
 149  137  118
 117  113  102
 125  126  118
 115  116  109
  88   89   92
  70   73   86
  76   79   91
 104  108  110
  96   99   97
 122  124  126
 130  131  133
 122  124  126
 133  134  136
 117  107  102
 189  189  180
 178  177  162
 172  167  141
  86   76   65
 112  111  105
 129  131  125
 105  108  110
  94   99  108
 102  105  108
 105  108  108
  73   74   71
 101  100   98
 108  107  108
 111  112  112
 103  103  106
 186  183  178
 166  165  153
 173  171  156
 180  176  151
  81   69   54
  48   40   42
 103  104  105
  68   69   77
  92   96  106
 124  129  133
 152  156  158
 206  208  203
 133  134  120
  92   92   86
  79   77   77
  69   68   71
 178  175  169
 176  173  161
 180  178  162
 167  162  137
 106   94   74
  31   22   19
  19   15   19
  96   96  106
 143  149  158
 142  147  154
 144  148  151
 147  152  146
 155  158  145
  30   25   22
  13    9   12
 105  106  109
 171  169  158
 166  164  152
 202  196  177
 172  163  133
  97   83   63
  68   57   51
  91   87   85
 117  121  130
 116  123  134
 111  116  125
 137  141  147
 119  123  121
 120  120  106
 133  130  120
 100   96   93
 111  112  111
 186  181  169
 191  185  172
 170  165  147
 152  144  114
  82   70   50
 162  158  152
 190  192  193
  81   85  101
 114  120  131
 121  126  134
 140  145  150
  98  101  102
  88   86   72
 163  161  151
 165  164  162
 149  149  144
 105   97   92
 147  142  135
 153  150  136
 103   93   76
  71   60   50
 151  153  153
 140  140  146
  76   81   98
 113  120  133
 122  127  136
  91   94  103
  34   35   39
  72   70   67
 105  104  105
 124  125  125
 133  135  133
  57   47   44
  72   68   70
  54   54   59
  52   43   40
  80   71   62
 117  119  123
 118  118  119
  78   80   94
  93   98  114
  87   92  100
  16   15   21
  43   41   45
  87   86   82
  77   75   80
  89   90   91
 129  131  130
 109   99   88
 100   94   91
  68   67   70
  95   92   97
  78   77   83
 108  109  110
 108  109  106
  83   84   87
  55   57   71
  91   94   99
 118  122  119
 124  127  123
 111  111  102
  71   70   73
 101  101  102
 108  108  105
 130  130  121
  91   91   94
 104  105  106
 107  107  113
  67   68   79
 106  108  114
 140  143  145
 115  116  119
  34   35   41
 112  118  125
 122  129  129
 134  139  131
 134  135  126
  87   87   91
 104  107  110
 133  134  133
 131  129  119
  78   77   82
  76   78   85
 124  127  128
 126  127  135
 134  138  144
 106  110  114
 106  109  109
  69   70   71
 101  106  111
 102  109  110
 123  127  122
 123  124  118
 123  123  126
 109  112  116
 137  140  139
 127  129  123
 102  103   99
  63   64   73
  48   45   52
  49   48   55
  67   71   86
  65   67   82
  50   50   55
 100  103  104
 107  109  110
  96   99   95
 104  104  100
  96   95   92
 122  123  126
 150  154  157
 136  140  140
 206  209  207
 138  140  137
  96   97   92
  54   49   48
 104  103  102
 127  130  134
  87   91   97
  81   82   80
  62   63   65
  84   86   87
 103  106  100
  96   96   91
 104  104  100
 115  117  119
 103  105  113
 121  123  122
 204  207  206
 207  207  202
 127  127  125
 103  105  106
 183  185  175
 208  212  206
 103  108  110
 116  120  122
  93   96   96
  34   34   30
  81   82   73
  98   99   92
  79   72   70
  37   35   39
  66   67   73
 155  156  156
 146  150  160
 209  210  206
 138  138  138
 108  111  115
 150  151  141
 150  154  151
 100  106  112
 110  114  121
 123  127  126
  98   98   94
  90   90   80
 157  161  152
 115  112  110
 112  111  110
 141  144  145
  99  102  104
 126  130  142
 206  208  206
 171  171  168
  99  102  111
 194  197  192
 153  155  154
 119  124  128
 120  127  131
 143  145  141
 130  132  126
 123  123  109
 151  153  146
 161  164  162
 128  130  125
 120  121  122
 122  124  128
 121  126  141
 171  174  182
 212  213  208
 196  197  205
 231  233  234
 157  158  156
  77   81   90
  95  101  112
 114  116  122
 145  147  139
 112  111   98
 142  144  139
 148  151  150
 147  148  145
 122  123  122
 154  156  153
 177  184  201
 142  147  165
 171  175  180
 213  215  219
 230  232  229
 181  183  175
  55   57   63
  53   59   79
  49   54   71
  31   31   36
 120  121  120
 154  159  154
 148  152  150
 162  165  162
 100  102  100
 112  114  115
 227  233  237
 213  216  223
 135  138  160
  55   57   71
  69   69   73
 140  140  139
  83   85   91
  85   89  101
 103  108  114
  66   67   71
 104  105  107
 163  168  166
 157  161  159
 171  176  170
 140  142  134
  71   71   76
 156  157  159
 184  187  190
 111  115  122
  83   85   91
  40   39   43
  22   19   23
  66   66   78
  91   94  107
  92   95  104
  88   91   93
  55   56   60
  80   83   95
 110  113  116
 131  133  133
 140  142  133
  96   95   93
 146  146  140
  97   93   90
 103  106  115
 108  112  115
  77   77   77
  71   72   67
  62   64   69
  87   90  102
  88   92   99
  87   90   92
  60   60   62
  58   60   67
  58   58   66
  51   51   63
  76   75   87
 119  120  123
 157  157  151
 104   99   94
  57   57   71
  52   53   69
 120  120  121
  97   97   90
  51   51   58
  98  101  109
 115  119  123
  64   64   61
 102  103  103
 131  134  134
  97   98   97
  93   93   99
 101   99  106
 101  100  105
 153  154  148
  89   84   72
  30   25   32
 142  143  151
 198  201  196
  72   70   66
  74   74   79
 145  151  155
 147  151  154
 117  119  117
  87   89   84
 107  108  109
  99   99  100
  82   82   91
 107  108  117
 118  121  126
 137  139  134
  81   68   56
  57   48   46
 168  169  175
 119  118  115
  26   20   14
  81   81   85
 142  148  153
 125  129  131
 136  139  136
 105  106  101
  81   81   82
  81   81   83
  99  101  108
 127  130  136
 124  127  129
 102  104  108
  91   80   67
 139  132  121
 156  160  161
 145  144  136
 197  196  183
 138  138  135
 103  108  118
 160  165  170
 182  185  183
 155  156  151
  64   63   61
  62   61   66
  95   96  102
 130  132  136
 119  120  123
 131  133  134
  81   77   70
 142  141  138
 153  153  152
 220  222  216
 243  246  240
 197  197  185
  84   83   82
 153  159  167
 162  165  165
 122  123  119
  82   80   76
  62   61   64
  69   69   80
 117  120  126
 116  116  119
 108  108  107
  84   81   75
 114  114  114
 171  172  173
 235  237  231
 240  243  237
 216  216  206
  93   87   82
 104  107  114
  81   82   86
  67   66   68
  98   99  100
  93   96   97
  75   77   82
  82   81   87
 102   99   97
  92   87   85
  73   68   62
  74   74   80
 158  159  164
 252  253  249
 238  240  234
 197  197  188
  86   81   78
 114  117  121
  73   76   74
  74   75   73
  88   88   91
  79   80   85
 113  114  121
 125  127  128
 118  120  114
 211  212  213
 203  197  186
 131  100   68
  84   83   89
  85   89  101
  62   63   67
  74   71   72
 122  126  130
 210  214  224
 178  172  162
 135  128  114
  84   85   90
  98  102  112
 116  118  116
 125  126  127
 135  140  142
 159  155  152
 165  160  143
 113  109   99
 109  112  112
  86   90   99
 110  112  110
 119  119  119
 118  119  121
 173  171  163
 178  174  152
  68   57   46
  68   68   74
 124  129  137
 161  165  162
 101  100   91
  58   56   58
 185  182  171
 170  163  138
 106   96   81
 114  116  124
 123  129  141
 120  124  125
 117  115  105
 131  130  128
 106   99   96
  86   80   72
 110  105  100
 113  117  127
  93   98  111
  57   57   61
  83   82   81
 125  127  126
  94   91   87
  84   84   90
 104  104  109
 106  108  109
  71   74   83
 123  128  124
 101  101   99
 101  102  103
 110  111  108
  76   76   82
  91   93  103
  84   87   92
  91   94   96
 112  116  113
 121  122  121
 134  137  140
 183  185  182
  93   92   90
 132  133  132
  98  102  106
  71   72   71
  91   91   84
  85   83   84
 110  112  116
 175  177  180
 155  157  156
 159  162  159
 122  127  132
 120  122  117
 126  127  116
 126  126  124
 119  120  122
 161  166  179
 194  196  202
 190  192  190
  78   82   92
  88   91   95
 140  142  135
 160  163  160
 123  125  124
 189  193  199
 107  110  121
  68   67   68
  81   84   94
  74   77   84
  93   95   99
 139  143  143
 112  113  110
 121  119  115
  81   83   91
  82   82   81
  79   81   88
  94   97  100
  79   81   82
  77   78   85
  98   97  103
  99   94   86
 103  100  102
 110  109  106
  98  100  105
 141  145  144
 101  102   98
  95   96  101
 119  121  127
 101   97   92
 142  140  135
 197  198  190
 138  139  138
 151  155  158
 105  105  101
  70   71   76
 118  119  124
  84   81   79
 131  131  133
 255  255  254
 155  153  147
  83   84   87
  82   83   83
  91   92   98
 105  105  106
 195  190  184
 115  108  100
  82   86   93
 116  118  119
 172  168  154
  97   95   90
 121  126  129
 113  112  109
 133  126  112
 109  106  106
 103  107  115
 105  104   99
  86   85   87
  89   91   97
  90   92   93
 111  113  113
 158  160  159
 125  128  129
 104  105  100
 120  120  120
 164  167  174
 102  104  110
 100  102  105
 133  135  133
 102  100   99
  92   93   96
 101  103  105
  94   94   99
 128  126  122
 184  184  180
 103  104  104
  97   97  100
 140  136  129
 103  104  106
 108  107  106
 104  106  107
 122  124  128
 107  109  109
 125  125  124
 104  105  108
 115  115  114
 114  115  117
