 173  145   82
 207  185  114
 199  176  105
 201  177  113
 230  217  160
 207  187  127
 208  187  124
 227  212  147
 220  205  139
 175  135   53
 197  164   78
 215  196  121
 224  209  134
 227  214  138
 233  228  175
 221  211  159
 179  156   94
 211  191  125
 198  173  105
 201  177  114
 219  200  139
 191  165  111
 183  153  102
 229  217  148
 225  212  144
 206  182   95
 226  211  130
 244  240  187
 243  237  176
 212  197  137
 187  162  109
 171  142   97
 184  164  127
 203  178  106
 205  180  109
 215  197  139
 224  208  153
 191  165  109
 152  112   66
 220  201  132
 225  208  137
 217  198  124
 202  174   95
 206  181  112
 162  132   76
 190  157   73
 169  132   74
 163  133   98
 202  185  139
 220  207  160
 206  187  140
 205  185  132
 226  213  160
 177  148   95
 150  110   61
 160  133   79
 232  216  142
 225  211  139
 195  160   85
 175  126   38
 151  113   39
 225  206   89
 184  153   82
 156  123   89
 223  211  161
 220  206  162
 170  133   82
 218  199  144
 219  203  148
 177  145   93
 160  119   60
 151  111   55
 218  202  125
 233  220  143
 226  208  126
 165  113   35
 207  178   68
 231  219  104
 191  165   93
 143  104   63
 237  227  181
 200  172  110
 183  145   82
 228  213  158
 218  200  146
 176  143   83
 191  161   94
 182  146   81
 207  183   99
 233  221  139
 232  215  133
 190  154   75
 215  192   85
 183  157   71
 183  155   97
 132   99   53
 234  219  161
 208  180  121
 129   83   33
 230  216  162
 207  185  130
 189  165  116
 217  201  142
 148  103   43
 192  160   86
 236  225  132
 229  213  132
 225  205  113
 205  176   72
 156  117   50
 210  186  115
 142  114   71
 219  198  132
 209  186  134
 120   77   34
 233  220  167
 211  193  134
 211  196  141
 199  177  125
 144   95   29
 156  114   56
 222  206  109
 226  207  101
 230  210  116
 183  148   68
 166  129   58
 215  192  103
 184  154   92
 215  194  133
 224  208  150
 169  130   67
 233  218  163
 210  193  139
 196  178  124
 196  175  125
 189  156   78
 157  117   55
 183  153   83
 217  195   82
 216  188   90
 208  181   93
 200  172  112
 218  195  123
 214  189  119
 198  173  110
 235  222  165
 192  164  101
 232  215  157
 194  175  127
 174  153  106
 230  218  170
 209  186  119
 193  166   86
 185  159   80
 193  167   80
 196  168   89
 222  200  119
 198  173  123
 182  154  101
 207  184  129
 155  125   55
 215  193  133
 212  189  126
 231  213  151
 183  162  116
 179  156  109
 230  219  171
 212  194  146
 147  111   53
 245  240  181
 203  184  113
 218  198  130
 181  156  104
 152  125   89
 196  175  123
 221  205  142
 135   99   41
 173  141   87
 226  208  147
 229  211  152
 182  160  114
 184  160  106
 222  209  158
 226  213  167
 127   85   42
 183  161  114
 255  255  203
 206  184  109
 168  130   55
 187  158   90
 219  203  137
 228  215  156
 182  157   99
 148  114   63
 223  204  145
 233  219  161
 191  168  119
 185  158  101
 217  201  145
 223  212  167
 156  116   67
 150  111   53
 237  229  164
 227  217  153
 185  157   71
 213  189   94
 210  187   90
 226  212  156
 216  196  122
 173  139   57
 222  201  133
 221  203  147
 187  159  102
 182  152   86
 191  158   90
 214  200  156
 191  158  101
 171  125   46
 210  190  102
 218  209  144
 226  221  159
 218  203  130
 225  209  133
 211  189  118
 237  226  159
 213  190   95
 220  194  106
 190  165  118
 150  109   52
 202  174   94
 169  126   56
 202  179  127
 203  178  121
 175  130   48
 207  181  101
 206  187  105
 224  215  166
 218  203  134
 226  209  133
 232  217  145
 203  184  124
 240  228  156
 205  177   88
 223  204  154
 180  146   83
 203  173   97
 190  157   81
 214  190  117
 202  175  114
 194  156   77
 223  205  132
 191  158   66
 172  131   66
 187  162  100
 220  200  129
 223  205  135
 170  147  106
 171  149   99
 229  211  134
 217  193  117
 178  147   89
 196  166   89
 207  180  105
 219  198  117
 205  179  113
 194  162   88
 204  178  104
 208  180   69
 121   87   30
 114   89   64
 191  170  113
 174  146   85
 202  187  140
 140  112   62
 188  163   98
 229  206  121
 178  143   81
 192  160   91
 179  139   67
 210  184  107
 194  165   78
 187  154   93
 215  196  130
 213  191   97
 121   92   34
  97   77   51
 186  165  100
 168  141   80
 221  207  139
 179  167   99
 147  119   59
 231  211  134
 196  162   89
 184  146   78
 183  143   72
 188  152   72
 213  191  113
 216  197  133
 215  198  134
 222  209  138
 162  133   60
 113   84   47
 203  185  103
 182  158   91
 210  190  112
 191  184  115
 138  104   43
 202  174   96
 216  190  116
 170  130   65
 193  158   90
 184  145   62
 217  192   98
 212  191  120
 200  174  103
 221  209  142
 193  169   78
 203  182  110
 191  168   88
 208  185  106
 212  191  112
 202  192  124
 182  157   89
 186  159   92
 193  168  111
 183  151   95
 182  148   85
 178  139   69
 198  168   64
 199  172   73
 199  173   88
 210  195  134
 200  178   87
 133  110   66
 194  167   85
 226  207  126
 206  190  119
 203  189  117
 190  166   82
 170  138   68
 175  146   91
 192  167  111
 152  114   58
 200  176  108
 203  182  110
 201  178   97
 215  200  121
 205  189  126
 204  184   92
 138  112   72
 193  169   91
 233  217  132
 224  215  157
 208  193  130
 198  178  113
 176  145   84
 147  108   53
 199  174  118
 170  138   84
 183  155   97
 189  162   86
 210  188   82
 208  187   86
 209  194  127
 193  174   92
 185  168  115
 190  172  113
 230  215  135
 219  206  143
 216  206  149
 201  187  137
 192  165  111
 188  161  109
 195  171  118
 170  136   81
 175  139   77
 183  149   70
 214  191   81
 201  174   64
 213  200  126
 182  157   90
 163  137   83
 194  172  115
 238  224  154
 194  172  108
 220  209  150
 193  177  122
 140   93   29
 202  177  107
 201  178  116
 157  123   72
 177  142   74
 172  136   65
 208  180   74
 208  179   60
 216  201  125
 170  140   81
 182  155   94
 224  211  141
 237  224  155
 180  157   94
 232  216  131
 201  189  130
 195  169   85
 209  191  117
 194  165   82
 204  182  113
 138  103   46
 132   93   35
 171  135   55
 211  180   58
 222  207  130
 170  139   86
 176  144   67
 230  218  144
 231  219  153
 193  175  107
 243  237  149
 210  200  142
 187  166   97
 208  193  134
 215  198  130
 223  203  122
 187  160   89
 147  111   48
 197  169   80
 190  160   69
 228  215  137
 188  165  103
 165  125   45
 233  219  132
 233  221  156
 197  183  141
 228  212  117
 207  195  145
 180  163  121
 227  217  175
 226  216  171
 210  189  122
 232  216  143
 199  178  109
 189  159   77
 187  154   66
 219  203  136
 223  208  130
 139  100   47
 155  131   69
 243  232  147
 198  183  137
 216  195  115
 213  202  157
 201  186  137
 238  231  190
 230  219  165
 184  157   93
 203  180  117
 222  204  133
 200  182  134
 203  176  105
 203  177   89
 225  213  138
 176  144   66
 152  120   55
 234  216  126
 136  107   67
 198  176  112
 223  214  162
 216  200  138
 230  219  170
 228  215  156
 183  149   82
 152  109   45
 221  202  131
 219  201  146
 207  193  156
 224  205  120
 202  181  105
 188  159   78
 190  156   72
 220  195   95
 196  167   88
 196  167   87
 217  199  133
 210  192  139
 228  213  167
 221  204  151
 216  185   98
 225  196  101
 190  157   85
 202  177  111
 204  179  120
 242  236  186
 203  184  118
 187  160   80
 178  144   65
 214  188   89
 232  214  123
 218  198  124
 220  204  141
 207  186  138
 226  210  162
 220  201  149
 236  219  139
 241  225  140
 184  154   86
 215  192  123
 175  136   65
 213  196  148
 228  218  163
 206  186  107
 207  183   87
 202  175   75
 189  164   97
 208  185  117
 206  185  129
 214  196  135
 210  187  109
 218  199  124
 224  212  149
 198  179  128
 201  182  132
 213  194  136
 197  173  120
 171  139   84
 227  213  138
 194  162   89
 189  160   77
 172  140   83
 214  194  144
 203  178  124
 201  177  123
 166  128   66
 225  210  132
 205  175   92
 202  176   72
 165  136   80
 202  176  117
 183  154  101
 220  205  150
 173  138   79
 193  164   84
 234  219  120
 187  154   72
 182  154   90
 211  189  128
 209  185  127
 203  187  138
 196  171  113
 183  152   75
 208  183   87
 202  176  111
 202  177  116
 172  143   85
 224  205  146
 191  171  123
 212  195  146
 183  159  107
 221  206  140
 175  144   82
 209  191  133
 182  154   86
 213  192  133
 189  162  103
 204  182  130
 173  137   79
 217  203  133
 215  199  119
 222  204  126
 223  206  128
 209  184  114
 181  147   81
 200  171  102
 200  168   99
 200  173   89
 202  181  120
 221  203  133
 177  156  107
 207  184  112
 191  159   90
 202  174   96
 202  175  107
 204  178   94
 122   93   44
 177  154   99
 188  172  104
 182  157   88
 198  164   95
 183  144   68
 209  185  104
 214  196  127
 169  146   77
 191  168   95
 206  191  117
 182  156   84
 181  151   95
 182  149   85
 201  176   87
 211  193  115
 179  157   89
 203  181  105
 217  205  147
 186  161  103
 178  147   94
 177  145   91
 202  175   83
 211  192  100
 178  157   99
 209  192  127
 208  193  127
 193  171  104
 199  173  100
 167  134   75
 169  132   46
 212  190   93
 180  153   91
 230  215  144
 217  204  131
 204  191  131
 216  202  146
 210  190  121
 177  147   72
 210  187  103
 183  156   88
 205  186  112
 189  168  109
 215  202  149
 226  214  165
 193  163   94
 211  191  130
 215  196  130
 191  166   89
 189  160   78
 205  181  102
 215  198  140
 223  206  154
 219  193  109
 198  169   98
 213  193  139
 208  189  119
 200  172   75
 203  182  123
 200  176  118
 211  189  113
 194  170  104
 207  184  131
 188  161  104
 208  182   94
 186  155   78
 201  178  119
 200  180  130
 197  173  102
 204  181  114
 204  180  114
 196  168  108
 197  172  105
 208  190  120
 192  170  103
 196  162   88
 200  175  100
 171  147   83
 194  174  109
 177  143   82
 200  177   92
 198  179  110
 207  191  129
 194  170  107
 190  161   79
 202  181  110
 210  193  134
 218  198  136
 206  183  117
 199  175   96
 201  178  120
 199  173   99
 199  175  114
 199  175  106
 191  164   95
 193  168   95
 204  183  121
 200  176  102
 198  174  108
 197  174  105
